1013
1020
1042
1049
1052
1058
1058
1096
1108
1114
1120
1141
1164
1179
1206
1296
1310
1326
1341
1395
1403
1418
1430
1433
1482
1507
1607
1656
1678
1694
1827
1922
2025
2037
2096
2161
2170
2218
2266
2276
2348
2361
2469
2568
2623
2671
2743
2789
2825
2853
3099
3122
3126
3207
3221
3284
3314
3379
3393
3412
3528
3585
3611
3641
3714
3718
3749
3781
3812
3887
3898
4064
4105
4122
4134
4263
4275
4294
4346
4351
4373
4381
4384
4403
4415
4452
4583
4619
4622
4648
4664
4717
4821
4894
4927
4974
4995
5028
5077
5125
5129
5147
5174
5485
5485
5489
5571
5584
5592
5616
5642
5684
5715
5753
5828
5893
6016
6021
6033
6079
6101
6136
6189
6214
6220
6228
6269
6273
6322
6325
6336
6344
6355
6373
6400
6475
6524
6540
6573
6584
6588
6614
6645
6658
6737
6752
6764
6779
6806
6859
6860
6882
6925
6964
6977
6995
6999
7014
7027
7042
7053
7078
7078
7115
7119
7127
7133
7188
7231
7244
7245
7263
7266
7281
7316
7335
7348
7403
7443
7467
7480
7484
7500
7522
7559
7617
7618
7626
7626
7628
7634
7684
7687
7693
7702
7703
7717
7722
7744
7781
7798
7845
7857
7873
7879
7887
7887
7888
7904
7905
7918
7949
7976
7996
8014
8028
8037
8060
8066
8091
8093
8131
8185
8186
8187
8215
8223
8228
8244
8256
8266
8267
8271
8294
8314
8317
8322
8326
8326
8338
8377
8408
8435
8436
8453
8455
8461
8473
8483
8494
8498
8499
8509
8540
8549
8555
8556
8562
8563
8564
8569
8575
8578
8581
8584
8594
8612
8619
8620
8623
8636
8637
8637
8660
8667
8674
8675
8680
8684
8686
8693
8700
8707
8727
8740
8747
8747
8754
8756
8758
8771
8782
8787
8811
8837
8841
8855
8856
8857
8867
8873
8892
8900
8901
8903
8905
8911
8930
8940
8957
8969
8982
8986
8990
8991
8992
9007
9013
9017
9020
9038
9052
9052
9053
9056
9056
9061
9064
9068
9078
9087
9112
9117
9118
9123
9125
9128
9134
9145
9146
9147
9155
9155
9167
9170
9170
9175
9179
9180
9180
9189
9193
9196
9197
9207
9219
9234
9237
9239
9244
9245
9246
9251
9259
9261
9264
9266
9268
9268
9271
9273
9298
9304
9310
9315
9318
9319
9341
9341
9343
9352
9355
9357
9363
9369
9396
9407
9412
9416
9416
9421
9421
9424
9426
9428
9430
9447
9448
9463
9466
9469
9480
9485
9490
9493
9500
9502
9503
9510
9512
9514
9517
9520
9521
9524
9531
9533
9539
9542
9551
9551
9560
9561
9566
9568
9575
9576
9585
9586
9590
9603
9604
9605
9608
9609
9617
9622
9629
9631
9634
9634
9644
9645
9647
9648
9651
9659
9663
9668
9671
9677
9697
9700
9704
9709
9710
9716
9718
9718
9722
9728
9730
9730
9734
9736
9739
9742
9750
9754
9755
9760
9762
9763
9770
9776
9776
9778
9779
9779
9783
9784
9793
9799
9801
9804
9808
9816
9817
9823
9829
9833
9836
9844
9845
9846
9850
9852
9855
9858
9860
9863
9863
9868
9870
9873
9877
9882
9890
9890
9895
9904
9907
9907
9909
9911
9917
9921
9926
9938
9939
9941
9942
9942
9948
9954
9956
9956
9957
9958
9962
9965
9966
9969
9972
9973
9974
9978
9981
9983
9994
9995
9998
10007
10008
10012
10014
10014
10017
10018
10022
10023
10028
10032
10034
10037
10038
10040
10041
10043
10056
10057
10059
10060
10063
10064
10084
10085
10086
10087
10090
10098
10099
10100
10103
10113
10120
10122
10123
10123
10128
10128
10131
10136
10140
10160
10161
10163
10163
10167
10167
10168
10178
10183
10186
10188
10189
10191
10193
10197
10199
10225
10229
10231
10241
10244
10248
10248
10251
10256
10265
10266
10270
10273
10275
10287
10300
10301
10301
10302
10304
10306
10306
10308
10310
10311
10313
10320
10320
10321
10326
10336
10342
10352
10352
10354
10359
10363
10365
10367
10370
10375
10392
10400
10403
10406
10406
10411
10412
10413
10415
10418
10435
10437
10438
10439
10441
10442
10443
10444
10445
10445
10450
10451
10453
10454
10460
10469
10469
10471
10472
10474
10480
10482
10487
10488
10489
10490
10495
10498
10500
10501
10508
10509
10512
10526
10526
10528
10544
10544
10551
10555
10556
10557
10562
10563
10567
10570
10573
10574
10576
10579
10585
10588
10593
10597
10597
10598
10599
10600
10601
10608
10620
10620
10625
10625
10629
10634
10635
10636
10637
10637
10637
10640
10640
10641
10645
10645
10650
10654
10655
10657
10661
10662
10665
10669
10670
10670
10672
10680
10681
10685
10687
10691
10700
10712
10714
10716
10721
10729
10734
10734
10741
10744
10756
10762
10762
10764
10766
10768
10771
10772
10786
10788
10792
10795
10795
10796
10797
10800
10803
10805
10813
10813
10820
10821
10823
10826
10836
10842
10843
10844
10849
10851
10851
10857
10857
10858
10859
10861
10864
10867
10868
10870
10872
10875
10877
10884
10888
10889
10890
10891
10893
10893
10898
10899
10899
10904
10905
10911
10914
10919
10926
10929
10932
10938
10940
10943
10948
10949
10953
10954
10961
10964
10968
10970
10971
10977
10977
10978
10985
10988
10988
10991
10998
11001
11001
11004
11006
11012
11015
11016
11025
11025
11026
11026
11027
11028
11034
11039
11045
11046
11051
11067
11073
11074
11078
11078
11082
11091
11092
11092
11105
11115
11116
11124
11128
11130
11133
11142
11148
11152
11154
11163
11164
11164
11166
11168
11170
11185
11185
11188
11191
11193
11200
11203
11205
11207
11217
11225
11228
11232
11233
11234
11239
11242
11247
11248
11251
11257
11258
11259
11261
11264
11264
11266
11267
11268
11278
11282
11282
11284
11289
11290
11291
11295
11295
11299
11303
11303
11303
11309
11313
11315
11317
11317
11322
11326
11327
11331
11331
11336
11336
11337
11341
11341
11344
11350
11350
11355
11367
11370
11370
11378
11378
11379
11381
11382
11388
11388
11393
11396
11398
11399
11403
11411
11412
11418
11424
11425
11429
11434
11437
11447
11449
11454
11456
11468
11472
11474
11476
11479
11480
11480
11483
11484
11488
11488
11490
11498
11500
11502
11506
11508
11515
11520
11524
11528
11535
11549
11551
11552
11554
11556
11566
11570
11578
11586
11593
11596
11597
11604
11609
11610
11616
11619
11623
11629
11629
11632
11636
11638
11639
11640
11644
11646
11646
11648
11650
11653
11659
11662
11667
11667
11670
11670
11672
11692
11694
11695
11696
11702
11702
11710
11711
11712
11715
11716
11717
11719
11727
11731
11736
11738
11741
11745
11752
11759
11764
11765
11765
11769
11777
11777
11778
11786
11788
11791
11792
11801
11806
11807
11810
11810
11811
11812
11812
11818
11818
11823
11833
11840
11847
11849
11850
11863
11867
11867
11869
11872
11872
11873
11875
11880
11890
11897
11901
11901
11905
11906
11912
11914
11922
11927
11927
11929
11930
11931
11940
11941
11949
11949
11953
11959
11962
11963
11965
11968
11970
11972
11975
11976
11977
11985
11989
11991
11993
11998
12001
12003
12005
12006
12008
12011
12015
12015
12016
12024
12026
12027
12028
12028
12029
12029
12033
12039
12051
12053
12058
12059
12059
12060
12063
12064
12067
12070
12071
12082
12085
12087
12093
12101
12102
12109
12113
12125
12125
12135
12144
12144
12149
12152
12152
12153
12157
12161
12167
12170
12171
12174
12187
12189
12192
12209
12209
12213
12220
12221
12224
12225
12226
12229
12230
12230
12232
12233
12243
12244
12252
12254
12254
12257
12257
12259
12265
12266
12268
12272
12273
12276
12281
12283
12291
12297
12298
12299
12306
12307
12313
12314
12319
12321
12322
12322
12323
12324
12326
12332
12334
12335
12339
12344
12350
12353
12361
12363
12366
12367
12369
12381
12389
12389
12390
12392
12395
12396
12397
12400
12412
12421
12422
12426
12426
12426
12427
12428
12429
12435
12436
12437
12437
12438
12440
12446
12446
12446
12447
12459
12461
12465
12477
12484
12487
12488
12502
12505
12508
12513
12516
12520
12521
12523
12526
12528
12529
12541
12543
12548
12552
12553
12556
12556
12558
12564
12566
12569
12570
12571
12573
12574
12574
12575
12580
12581
12584
12585
12589
12591
12595
12595
12597
12598
12602
12606
12613
12614
12617
12621
12624
12626
12643
12643
12648
12650
12652
12653
12655
12655
12658
12660
12664
12664
12664
12665
12666
12666
12668
12672
12675
12679
12679
12684
12696
12697
12698
12699
12702
12706
12709
12710
12715
12716
12722
12725
12727
12733
12734
12736
12738
12740
12740
12741
12752
12752
12753
12756
12758
12762
12769
12775
12782
12782
12785
12788
12788
12791
12796
12799
12804
12805
12807
12810
12811
12811
12813
12815
12816
12819
12826
12827
12828
12829
12830
12837
12838
12845
12847
12849
12850
12864
12872
12873
12879
12903
12907
12908
12911
12917
12925
12930
12932
12933
12934
12936
12937
12942
12943
12952
12957
12965
12968
12969
12970
12973
12974
12984
12987
12996
13002
13011
13026
13026
13031
13032
13040
13041
13043
13044
13045
13046
13053
13055
13059
13062
13067
13070
13074
13076
13077
13087
13090
13093
13099
13115
13121
13123
13128
13139
13141
13143
13152
13156
13160
13161
13161
13165
13172
13181
13188
13188
13196
13202
13203
13206
13208
13219
13219
13222
13227
13235
13237
13244
13246
13249
13255
13265
13265
13266
13266
13268
13273
13276
13277
13281
13282
13284
13287
13299
13302
13304
13304
13310
13310
13312
13317
13320
13333
13335
13336
13338
13341
13341
13346
13355
13359
13362
13363
13374
13375
13385
13387
13399
13400
13400
13400
13411
13412
13412
13413
13418
13420
13429
13432
13434
13436
13437
13437
13439
13439
13446
13452
13453
13455
13455
13468
13475
13476
13478
13479
13482
13486
13486
13495
13501
13514
13515
13518
13520
13521
13526
13530
13534
13535
13537
13538
13549
13555
13555
13556
13560
13575
13576
13577
13579
13580
13583
13590
13601
13608
13609
13610
13612
13639
13640
13642
13645
13646
13653
13655
13672
13674
13687
13692
13699
13701
13711
13712
13713
13723
13726
13727
13733
13734
13751
13752
13753
13757
13766
13767
13775
13780
13782
13796
13798
13802
13806
13808
13811
13824
13824
13841
13845
13845
13845
13845
13846
13850
13852
13854
13860
13863
13878
13879
13882
13885
13886
13887
13896
13896
13898
13907
13912
13913
13921
13933
13936
13938
13948
13950
13950
13952
13958
13959
13959
13965
13965
13969
13972
13973
13983
13991
13993
13994
13995
13995
13996
13997
14007
14020
14020
14021
14025
14036
14038
14041
14043
14045
14048
14049
14049
14058
14066
14074
14075
14076
14083
14089
14093
14094
14095
14099
14104
14106
14108
14118
14129
14136
14136
14141
14149
14150
14150
14152
14155
14168
14178
14180
14181
14182
14186
14191
14197
14202
14207
14217
14218
14220
14223
14228
14229
14231
14234
14238
14238
14240
14244
14250
14255
14258
14262
14264
14270
14284
14294
14301
14303
14305
14306
14307
14308
14309
14316
14325
14328
14329
14330
14339
14353
14356
14357
14361
14367
14368
14369
14370
14375
14390
14393
14396
14398
14402
14404
14413
14420
14420
14428
14428
14431
14437
14450
14458
14462
14468
14469
14479
14484
14488
14494
14502
14502
14511
14514
14514
14516
14517
14519
14520
14522
14522
14524
14534
14539
14540
14544
14546
14550
14563
14567
14567
14567
14569
14573
14577
14584
14585
14588
14591
14592
14593
14594
14595
14595
14596
14604
14606
14609
14612
14613
14613
14614
14621
14632
14637
14642
14655
14657
14674
14683
14694
14695
14701
14708
14710
14716
14718
14720
14724
14728
14734
14736
14739
14741
14742
14743
14745
14745
14750
14755
14757
14765
14766
14767
14769
14770
14776
14779
14780
14783
14793
14793
14803
14806
14810
14811
14812
14817
14824
14829
14831
14840
14845
14846
14857
14858
14877
14877
14879
14882
14885
14886
14891
14892
14895
14906
14906
14916
14916
14920
14924
14925
14926
14929
14933
14937
14946
14949
14950
14951
14955
14960
14964
14967
14970
14971
14980
14995
15008
15016
15023
15024
15027
15028
15029
15044
15064
15069
15070
15070
15073
15076
15079
15083
15085
15086
15088
15089
15089
15092
15094
15097
15099
15115
15119
15126
15132
15136
15142
15146
15147
15148
15152
15154
15155
15169
15169
15179
15183
15184
15192
15195
15200
15203
15212
15213
15215
15219
15221
15223
15225
15228
15228
15229
15234
15236
15244
15248
15252
15256
15260
15264
15267
15291
15295
15303
15309
15313
15318
15319
15326
15327
15330
15331
15337
15342
15349
15356
15362
15363
15368
15372
15373
15391
15400
15406
15410
15415
15420
15426
15432
15440
15441
15441
15444
15450
15450
15451
15451
15455
15456
15459
15462
15468
15469
15478
15483
15488
15488
15490
15494
15496
15526
15527
15537
15539
15542
15545
15546
15558
15569
15572
15573
15573
15576
15581
15581
15583
15601
15601
15612
15615
15621
15622
15623
15624
15629
15636
15639
15644
15649
15651
15659
15666
15681
15686
15688
15708
15712
15719
15720
15722
15723
15724
15732
15739
15741
15752
15758
15759
15760
15760
15766
15767
15774
15774
15774
15778
15782
15783
15787
15789
15791
15794
15795
15796
15796
15798
15802
15807
15807
15812
15816
15820
15826
15835
15853
15859
15864
15865
15871
15875
15881
15887
15893
15898
15898
15899
15902
15904
15907
15908
15910
15912
15915
15916
15939
15942
15943
15956
15958
15965
15966
15966
15970
15973
15979
15989
15990
15993
16000
16007
16008
16015
16018
16022
16023
16030
16039
16045
16046
16048
16058
16063
16066
16067
16069
16071
16072
16077
16109
16112
16116
16121
16122
16125
16130
16138
16143
16152
16163
16175
16180
16184
16206
16211
16217
16224
16226
16226
16235
16243
16243
16243
16243
16245
16247
16248
16252
16254
16255
16257
16262
16276
16278
16286
16288
16292
16295
16309
16316
16323
16332
16338
16339
16348
16352
16355
16355
16356
16364
16366
16367
16367
16373
16378
16380
16389
16391
16394
16396
16396
16408
16414
16416
16423
16436
16438
16438
16442
16444
16452
16453
16453
16460
16461
16462
16465
16467
16468
16485
16492
16494
16500
16502
16503
16505
16506
16510
16518
16520
16525
16527
16538
16542
16546
16559
16566
16568
16568
16572
16574
16579
16580
16580
16591
16592
16598
16599
16617
16621
16624
16632
16636
16654
16663
16675
16675
16676
16677
16679
16680
16685
16690
16691
16718
16721
16722
16731
16749
16750
16769
16774
16775
16776
16778
16779
16792
16799
16800
16801
16803
16805
16810
16820
16821
16822
16829
16835
16838
16839
16840
16840
16843
16845
16845
16847
16849
16850
16851
16857
16858
16858
16862
16872
16873
16878
16882
16883
16883
16884
16899
16906
16906
16907
16908
16912
16924
16924
16926
16941
16946
16948
16955
16956
16960
16968
16974
16976
16985
16989
16990
16995
17001
17010
17011
17012
17015
17016
17018
17027
17029
17029
17035
17038
17041
17041
17043
17044
17053
17053
17054
17055
17056
17056
17058
17061
17062
17081
17090
17100
17103
17103
17106
17110
17115
17124
17126
17135
17136
17137
17142
17142
17159
17162
17163
17169
17175
17185
17186
17190
17193
17194
17205
17208
17215
17230
17232
17244
17252
17255
17256
17258
17258
17266
17269
17276
17277
17283
17298
17299
17310
17310
17311
17312
17315
17332
17337
17337
17339
17351
17359
17363
17371
17374
17375
17390
17394
17414
17422
17424
17427
17427
17428
17430
17432
17433
17434
17435
17437
17442
17443
17454
17477
17482
17485
17487
17487
17488
17489
17491
17492
17493
17495
17496
17497
17503
17511
17529
17531
17538
17543
17553
17554
17559
17561
17563
17563
17570
17572
17576
17587
17595
17605
17624
17627
17635
17638
17642
17648
17650
17651
17671
17671
17675
17676
17688
17690
17698
17698
17702
17713
17713
17724
17727
17731
17731
17733
17734
17749
17752
17759
17761
17765
17771
17783
17786
17788
17789
17792
17800
17807
17809
17810
17815
17819
17820
17822
17828
17829
17830
17842
17845
17845
17846
17846
17849
17853
17854
17866
17872
17875
17878
17879
17880
17881
17892
17895
17898
17903
17903
17903
17907
17913
17915
17917
17925
17926
17931
17938
17946
17948
17948
17951
17957
17967
17974
17979
17980
17987
17994
17998
18005
18013
18013
18016
18017
18041
18055
18056
18062
18063
18065
18072
18078
18091
18096
18100
18102
18108
18113
18113
18114
18121
18122
18122
18122
18133
18135
18138
18139
18139
18140
18144
18145
18152
18153
18156
18162
18165
18166
18173
18176
18181
18183
18184
18188
18188
18192
18211
18213
18216
18217
18218
18229
18238
18241
18246
18247
18260
18260
18264
18264
18265
18265
18266
18272
18274
18279
18283
18283
18286
18291
18297
18300
18301
18309
18309
18328
18335
18341
18342
18345
18349
18364
18366
18373
18375
18378
18378
18384
18387
18387
18390
18394
18399
18400
18403
18407
18418
18418
18420
18423
18429
18429
18432
18432
18441
18442
18443
18450
18454
18455
18456
18466
18473
18476
18479
18481
18492
18496
18497
18506
18522
18524
18538
18539
18542
18542
18558
18559
18560
18564
18565
18566
18571
18576
18576
18579
18581
18587
18599
18617
18625
18629
18632
18634
18636
18641
18641
18646
18659
18659
18664
18664
18665
18671
18671
18681
18687
18689
18704
18704
18706
18712
18714
18727
18729
18732
18738
18741
18746
18746
18747
18749
18759
18773
18776
18795
18799
18810
18811
18811
18812
18817
18823
18823
18823
18824
18826
18828
18836
18836
18840
18840
18841
18841
18842
18842
18851
18861
18865
18868
18870
18876
18879
18879
18881
18882
18897
18898
18899
18899
18906
18907
18907
18912
18914
18916
18919
18921
18923
18931
18934
18944
18945
18951
18953
18954
18955
18962
18979
18980
18993
18994
18994
18998
18999
19003
19023
19036
19038
19040
19046
19048
19050
19052
19062
19062
19066
19077
19082
19084
19086
19095
19096
19098
19099
19106
19113
19128
19129
19132
19139
19141
19142
19150
19156
19157
19160
19164
19171
19178
19194
19198
19214
19216
19227
19228
19232
19236
19246
19246
19256
19262
19265
19269
19272
19279
19281
19282
19283
19286
19290
19297
19302
19304
19306
19307
19323
19326
19327
19328
19344
19350
19359
19375
19377
19380
19383
19385
19385
19391
19394
19399
19402
19404
19416
19422
19425
19428
19430
19446
19447
19456
19457
19460
19467
19468
19471
19473
19473
19481
19493
19503
19503
19515
19520
19521
19524
19536
19557
19569
19570
19573
19576
19578
19589
19594
19607
19620
19631
19633
19633
19634
19643
19644
19646
19659
19661
19668
19687
19690
19691
19692
19697
19701
19705
19713
19714
19719
19722
19723
19725
19742
19742
19745
19749
19759
19760
19762
19772
19781
19799
19809
19811
19814
19816
19818
19825
19833
19834
19839
19842
19848
19848
19855
19864
19876
19882
19886
19896
19898
19906
19920
19927
19942
19943
19946
19962
19976
19979
19981
19985
19993
19995
19998
19999
20004
20006
20017
20023
20029
20060
20080
20086
20091
20093
20096
20097
20117
20129
20135
20136
20138
20138
20148
20149
20152
20163
20164
20182
20183
20185
20187
20188
20195
20199
20201
20207
20209
20209
20226
20231
20240
20241
20251
20259
20282
20287
20288
20288
20295
20307
20328
20328
20332
20349
20350
20359
20378
20380
20386
20405
20408
20410
20428
20432
20437
20451
20456
20456
20459
20470
20476
20486
20491
20492
20494
20494
20499
20503
20506
20511
20520
20521
20521
20525
20528
20536
20537
20553
20558
20563
20568
20569
20570
20573
20574
20576
20584
20587
20587
20593
20595
20603
20610
20615
20615
20620
20644
20649
20649
20663
20682
20688
20689
20697
20699
20699
20705
20708
20722
20725
20727
20734
20742
20747
20748
20772
20780
20783
20797
20803
20808
20810
20823
20826
20826
20830
20838
20855
20865
20866
20868
20869
20872
20888
20905
20908
20908
20919
20929
20930
20933
20935
20938
20941
20960
20971
20979
20979
20980
20987
20989
21002
21005
21023
21024
21024
21025
21027
21033
21042
21042
21042
21048
21048
21050
21053
21057
21092
21095
21105
21107
21140
21145
21148
21148
21158
21166
21171
21173
21180
21180
21186
21192
21201
21205
21212
21214
21229
21230
21239
21243
21246
21253
21262
21275
21287
21298
21300
21308
21309
21315
21316
21321
21323
21330
21332
21354
21369
21379
21397
21421
21433
21440
21446
21452
21460
21462
21471
21477
21487
21490
21501
21502
21514
21517
21529
21548
21572
21573
21576
21590
21591
21594
21609
21615
21629
21632
21656
21659
21660
21675
21679
21680
21681
21686
21709
21709
21717
21717
21734
21743
21761
21765
21767
21768
21773
21776
21791
21793
21798
21814
21830
21862
21864
21874
21880
21895
21910
21938
21947
21947
21947
21967
21991
22002
22014
22058
22079
22083
22086
22087
22098
22125
22126
22136
22168
22172
22188
22215
22222
22226
22235
22235
22237
22255
22259
22284
22309
22321
22339
22342
22348
22364
22367
22372
22372
22394
22398
22400
22422
22444
22461
22467
22486
22490
22493
22496
22497
22503
22530
22556
22631
22642
22647
22650
22660
22669
22672
22711
22723
22728
22734
22741
22751
22751
22781
22785
22835
22844
22848
22871
22880
22882
22887
22894
22901
22916
22920
22944
22956
22960
22998
22999
23025
23026
23038
23069
23086
23106
23115
23118
23143
23152
23159
23175
23208
23209
23232
23245
23254
23264
23275
23291
23304
23326
23328
23330
23368
23377
23381
23382
23394
23416
23421
23438
23451
23472
23491
23494
23497
23507
23519
23524
23540
23551
23572
23609
23617
23618
23653
23671
23694
23744
23748
23772
23772
23773
23774
23790
23840
23904
23938
23942
23966
23996
24033
24035
24046
24052
24073
24076
24085
24122
24127
24141
24169
24177
24177
24231
24274
24278
24303
24367
24375
24389
24411
24444
24458
24471
24478
24491
24521
24536
24538
24538
24563
24564
24598
24601
24601
24617
24629
24636
24666
24684
24693
24693
24708
24743
24752
24793
24809
24824
24833
24860
24873
24916
24921
24948
24955
25027
25028
25028
25053
25058
25079
25101
25109
25132
25140
25158
25188
25209
25224
25227
25232
25371
25381
25408
25563
25567
25589
25612
25623
25634
25638
25728
25753
25771
25775
25778
25781
25802
25816
25870
25896
25947
26006
26027
26101
26115
26152
26159
26212
26238
26249
26268
26310
26336
26339
26342
26430
26451
26458
26501
26555
26656
26693
26833
26840
26881
26907
26909
26909
26921
26926
26940
26949
26972
26973
26979
27001
27095
27110
27117
27124
27132
27253
27316
27339
27353
27402
27415
27463
27482
27484
27513
27545
27561
27569
27653
27716
27759
27936
28007
28034
28049
28121
28161
28204
28213
28256
28294
28297
28299
28319
28336
28357
28365
28388
28413
28426
28438
28455
28490
28492
28506
28514
28581
28597
28631
28705
28737
28754
28774
28933
28964
28966
29003
29109
29127
29230
29366
29705
29719
29804
30055
30271
30373
30496
30521
30583
30604
30617
30683
30791
30863
31332
31473
31491
32005
32257
32569
32588
32614
32667
32806
33003
33136
33475
33567
34393
34964
35697
35927
37345
38040
