1012
1016
1044
1083
1090
1102
1112
1114
1120
1128
1141
1145
1151
1173
1175
1206
1206
1225
1306
1312
1328
1346
1348
1391
1406
1418
1421
1424
1440
1443
1468
1482
1498
1534
1587
1665
1694
1804
1816
1827
1830
2025
2042
2150
2183
2199
2266
2474
2527
2568
2625
2825
2947
2989
3035
3379
3641
3718
3889
3933
3965
4125
4166
4272
4278
4294
4384
4403
4453
4455
4458
4580
4583
4677
4712
4717
4775
4968
5026
5028
5176
5191
5362
5494
5574
5728
5748
5772
5835
6035
6107
6183
6256
6397
6432
6524
6549
6658
6679
6725
6793
6807
6859
6862
6869
6986
7023
7127
7172
7206
7247
7257
7293
7552
7558
7590
7690
7700
7725
7802
7807
7823
7828
7882
7896
7899
7900
7902
7911
7914
7916
7929
7957
7985
7991
8028
8045
8115
8163
8183
8209
8265
8278
8301
8340
8381
8401
8408
8435
8436
8453
8456
8476
8490
8494
8507
8515
8527
8529
8530
8572
8581
8611
8637
8655
8670
8695
8720
8735
8746
8760
8779
8782
8782
8807
8818
8821
8824
8830
8860
8862
8864
8866
8872
8890
8895
8903
8911
8918
8920
8924
8935
8940
8945
8950
8951
8961
8969
8970
8974
8977
8989
9060
9096
9103
9112
9149
9153
9162
9164
9166
9170
9198
9223
9281
9297
9300
9309
9312
9318
9320
9330
9336
9337
9344
9347
9398
9400
9405
9443
9451
9467
9482
9482
9489
9495
9506
9514
9545
9560
9564
9576
9583
9583
9597
9602
9603
9614
9616
9627
9629
9640
9651
9652
9661
9664
9669
9670
9677
9688
9706
9708
9717
9730
9750
9759
9760
9770
9778
9779
9783
9796
9812
9836
9869
9870
9877
9880
9880
9890
9891
9902
9906
9907
9924
9930
9942
9949
9960
9971
9978
10012
10020
10026
10034
10038
10040
10041
10042
10048
10053
10056
10061
10064
10080
10081
10084
10085
10090
10092
10102
10110
10110
10120
10123
10125
10133
10138
10140
10145
10154
10160
10166
10180
10189
10189
10189
10196
10198
10198
10201
10202
10207
10220
10227
10230
10230
10242
10266
10287
10304
10335
10338
10346
10361
10371
10389
10414
10421
10422
10434
10434
10439
10441
10445
10445
10452
10456
10459
10461
10471
10480
10484
10497
10509
10510
10513
10521
10522
10525
10526
10561
10567
10574
10582
10598
10606
10606
10613
10631
10640
10645
10661
10669
10682
10688
10691
10701
10711
10714
10715
10715
10727
10729
10749
10758
10775
10776
10777
10783
10795
10795
10806
10811
10818
10819
10822
10824
10827
10830
10830
10833
10845
10848
10849
10850
10851
10858
10866
10884
10884
10886
10889
10894
10895
10896
10908
10920
10920
10924
10933
10935
10938
10938
10966
10967
10972
10975
11012
11013
11013
11017
11028
11036
11046
11050
11050
11053
11086
11129
11130
11134
11136
11140
11142
11142
11154
11164
11179
11183
11192
11214
11215
11216
11229
11231
11235
11241
11249
11263
11275
11283
11285
11286
11290
11299
11299
11310
11319
11330
11331
11338
11338
11343
11350
11373
11384
11387
11394
11395
11399
11422
11426
11427
11450
11451
11453
11454
11454
11457
11474
11479
11482
11499
11528
11531
11532
11545
11571
11591
11600
11602
11603
11610
11610
11613
11613
11620
11621
11640
11660
11660
11675
11690
11694
11708
11718
11725
11736
11753
11761
11779
11802
11802
11807
11821
11823
11835
11840
11845
11847
11852
11855
11855
11856
11859
11860
11864
11865
11876
11878
11881
11886
11886
11891
11894
11896
11897
11905
11916
11918
11922
11941
11947
11957
11960
11964
11969
11972
11975
11982
11998
12015
12022
12043
12063
12064
12078
12088
12091
12123
12125
12127
12133
12136
12138
12149
12151
12166
12170
12171
12188
12190
12192
12192
12203
12216
12223
12225
12235
12252
12268
12269
12272
12273
12278
12289
12291
12315
12316
12317
12318
12319
12320
12327
12350
12366
12378
12380
12404
12408
12415
12421
12433
12444
12495
12502
12506
12513
12526
12540
12559
12561
12575
12579
12584
12589
12610
12632
12632
12633
12637
12639
12641
12642
12663
12666
12667
12671
12676
12679
12684
12686
12686
12696
12698
12705
12708
12712
12725
12729
12733
12761
12764
12769
12774
12779
12789
12791
12795
12797
12819
12819
12823
12830
12830
12833
12835
12837
12843
12852
12865
12868
12870
12882
12885
12886
12897
12904
12911
12913
12927
12935
12959
12961
12963
12969
12995
13003
13004
13008
13008
13011
13025
13038
13039
13040
13042
13042
13046
13046
13054
13065
13066
13071
13077
13078
13081
13126
13130
13137
13140
13144
13146
13147
13149
13155
13176
13186
13188
13188
13200
13204
13221
13225
13226
13228
13237
13246
13248
13248
13248
13266
13293
13313
13314
13326
13326
13331
13346
13359
13372
13375
13376
13389
13400
13400
13405
13407
13419
13428
13450
13450
13451
13452
13482
13484
13500
13501
13517
13523
13539
13561
13564
13570
13575
13598
13600
13619
13639
13642
13656
13663
13674
13696
13703
13713
13715
13717
13727
13729
13756
13757
13762
13781
13792
13801
13803
13807
13830
13838
13869
13881
13883
13907
13914
13914
13917
13918
13922
13927
13928
13939
13946
13952
13953
13979
13981
13990
13995
14008
14009
14027
14041
14043
14047
14063
14065
14068
14081
14098
14110
14127
14146
14150
14161
14168
14169
14172
14174
14178
14179
14188
14189
14197
14201
14203
14205
14209
14221
14223
14238
14240
14240
14252
14252
14262
14271
14273
14279
14291
14291
14294
14319
14323
14343
14361
14377
14379
14386
14395
14399
14404
14412
14412
14431
14442
14450
14471
14473
14475
14487
14492
14506
14515
14527
14531
14533
14540
14544
14552
14576
14585
14595
14595
14600
14610
14622
14626
14634
14635
14647
14656
14660
14674
14675
14687
14690
14710
14712
14713
14718
14731
14731
14736
14739
14740
14744
14746
14758
14789
14789
14804
14817
14828
14845
14859
14859
14868
14872
14886
14891
14892
14897
14906
14936
14950
14954
14956
14963
14968
14975
14979
15003
15007
15007
15019
15021
15026
15034
15046
15051
15075
15077
15088
15089
15090
15093
15097
15105
15111
15125
15125
15142
15154
15156
15193
15204
15207
15216
15231
15235
15239
15241
15250
15252
15256
15261
15271
15273
15291
15291
15292
15293
15295
15318
15320
15321
15333
15344
15345
15360
15370
15373
15383
15394
15400
15402
15408
15426
15427
15427
15428
15435
15447
15455
15462
15465
15483
15493
15495
15507
15508
15508
15509
15519
15522
15575
15580
15594
15595
15600
15605
15607
15615
15623
15652
15653
15656
15688
15690
15701
15706
15730
15732
15735
15745
15745
15751
15754
15756
15758
15761
15778
15793
15794
15794
15797
15812
15813
15828
15838
15843
15874
15875
15890
15890
15890
15895
15917
15944
15950
15950
15957
15960
15967
15978
16002
16017
16018
16032
16034
16036
16040
16054
16067
16067
16077
16083
16093
16093
16108
16120
16122
16134
16136
16146
16148
16150
16152
16159
16163
16164
16164
16184
16226
16226
16238
16247
16249
16262
16270
16276
16283
16327
16341
16347
16352
16355
16356
16356
16358
16360
16363
16371
16375
16377
16383
16400
16415
16420
16423
16430
16434
16437
16442
16445
16473
16474
16486
16492
16492
16494
16508
16524
16530
16536
16548
16551
16557
16568
16572
16574
16575
16576
16577
16577
16577
16591
16592
16598
16609
16611
16611
16612
16628
16634
16636
16641
16643
16643
16647
16656
16663
16665
16670
16674
16684
16685
16688
16699
16705
16712
16714
16729
16729
16743
16744
16750
16767
16770
16778
16787
16798
16806
16812
16818
16825
16832
16832
16834
16836
16837
16839
16869
16896
16902
16903
16907
16910
16913
16916
16918
16931
16944
16946
16959
16963
16971
16972
16980
16985
17000
17004
17010
17017
17018
17019
17035
17038
17039
17046
17051
17052
17057
17057
17061
17071
17071
17076
17082
17087
17088
17092
17093
17100
17101
17104
17114
17117
17129
17137
17137
17138
17149
17156
17156
17172
17174
17180
17181
17183
17190
17200
17201
17217
17218
17243
17252
17252
17257
17259
17265
17265
17267
17277
17279
17288
17305
17310
17321
17329
17331
17339
17339
17346
17350
17363
17366
17366
17368
17375
17376
17379
17392
17400
17410
17412
17414
17424
17424
17426
17433
17439
17448
17459
17467
17480
17480
17491
17492
17493
17516
17516
17520
17521
17522
17533
17540
17546
17551
17554
17557
17565
17566
17574
17577
17589
17596
17598
17604
17608
17611
17636
17642
17648
17648
17660
17664
17671
17672
17679
17682
17690
17691
17701
17701
17705
17709
17714
17717
17717
17719
17721
17722
17722
17741
17747
17747
17749
17755
17756
17764
17773
17778
17784
17786
17795
17800
17802
17804
17809
17815
17825
17827
17833
17833
17838
17847
17856
17861
17861
17867
17872
17872
17873
17878
17883
17883
17886
17889
17893
17895
17897
17900
17906
17906
17915
17926
17927
17931
17934
17936
17939
17941
17942
17949
17951
17974
17978
17978
17978
17980
17985
17995
17999
18006
18007
18009
18010
18012
18015
18019
18021
18024
18031
18039
18040
18041
18043
18054
18055
18057
18057
18060
18061
18062
18070
18070
18072
18074
18085
18097
18105
18106
18113
18113
18114
18115
18130
18135
18147
18153
18156
18157
18160
18163
18165
18172
18178
18185
18185
18188
18188
18192
18194
18205
18208
18210
18212
18218
18220
18237
18238
18240
18249
18263
18264
18264
18272
18276
18276
18277
18279
18288
18295
18295
18296
18298
18298
18302
18303
18308
18308
18311
18311
18317
18319
18320
18320
18320
18327
18328
18332
18346
18349
18350
18352
18353
18355
18355
18357
18360
18365
18366
18371
18372
18382
18384
18387
18390
18390
18392
18394
18396
18398
18399
18401
18402
18403
18405
18408
18408
18410
18412
18413
18415
18422
18422
18423
18424
18431
18434
18438
18439
18441
18441
18450
18465
18466
18467
18467
18473
18479
18480
18483
18487
18490
18492
18497
18507
18508
18508
18521
18527
18528
18529
18534
18549
18550
18553
18559
18560
18564
18571
18578
18581
18584
18587
18590
18600
18603
18607
18623
18623
18624
18624
18625
18627
18634
18637
18644
18645
18647
18648
18651
18654
18663
18669
18675
18681
18683
18689
18692
18692
18704
18705
18719
18726
18729
18736
18738
18739
18743
18743
18746
18751
18751
18752
18753
18755
18761
18773
18776
18777
18788
18808
18817
18823
18832
18833
18834
18841
18842
18842
18850
18851
18857
18860
18867
18869
18869
18874
18876
18877
18878
18879
18880
18881
18881
18886
18886
18887
18896
18898
18902
18907
18910
18912
18916
18916
18916
18917
18919
18926
18932
18934
18937
18940
18945
18954
18965
18968
18969
18973
18978
18980
18982
18982
18984
18984
18986
18988
18992
18994
18999
19000
19002
19003
19004
19014
19017
19017
19026
19031
19040
19044
19047
19050
19056
19062
19063
19064
19066
19069
19070
19090
19090
19091
19093
19094
19095
19096
19096
19107
19109
19114
19129
19137
19138
19139
19142
19146
19147
19148
19149
19150
19154
19156
19174
19177
19180
19185
19186
19187
19190
19192
19193
19194
19205
19209
19210
19213
19214
19216
19219
19220
19225
19226
19229
19229
19231
19250
19252
19260
19260
19260
19262
19264
19265
19273
19288
19290
19292
19293
19294
19295
19301
19306
19324
19328
19333
19340
19349
19354
19357
19359
19359
19363
19365
19373
19373
19373
19375
19375
19378
19384
19397
19399
19405
19408
19412
19414
19415
19421
19422
19426
19441
19445
19454
19454
19455
19467
19468
19471
19477
19480
19482
19484
19492
19493
19505
19524
19525
19526
19534
19541
19546
19547
19568
19569
19571
19572
19575
19577
19582
19585
19588
19589
19589
19599
19599
19604
19631
19633
19638
19640
19640
19641
19648
19658
19660
19661
19661
19664
19665
19669
19670
19671
19702
19705
19707
19713
19724
19738
19738
19742
19745
19753
19754
19771
19771
19774
19778
19781
19789
19802
19807
19807
19809
19813
19814
19820
19829
19834
19836
19837
19841
19858
19872
19875
19877
19877
19878
19881
19882
19887
19890
19891
19897
19899
19906
19913
19916
19919
19926
19930
19932
19953
19957
19969
19972
19973
19974
19981
19986
20003
20006
20008
20018
20022
20028
20029
20035
20040
20047
20053
20056
20057
20068
20073
20073
20078
20079
20080
20081
20091
20091
20094
20095
20095
20096
20096
20107
20108
20114
20115
20119
20119
20122
20125
20126
20136
20136
20139
20141
20142
20148
20156
20156
20161
20161
20162
20164
20167
20168
20168
20179
20181
20186
20187
20209
20209
20211
20212
20217
20225
20226
20244
20251
20262
20269
20277
20281
20284
20286
20287
20291
20298
20300
20303
20310
20326
20328
20329
20339
20348
20357
20358
20358
20362
20365
20368
20372
20372
20380
20383
20386
20387
20388
20389
20397
20399
20418
20423
20428
20429
20437
20454
20456
20458
20460
20466
20472
20474
20480
20481
20481
20484
20489
20490
20494
20494
20496
20497
20497
20499
20501
20505
20508
20514
20527
20528
20531
20531
20542
20555
20556
20556
20558
20573
20577
20584
20586
20588
20595
20601
20602
20603
20606
20609
20615
20618
20621
20623
20637
20649
20652
20655
20656
20658
20664
20673
20675
20676
20676
20682
20690
20698
20704
20709
20710
20713
20725
20731
20732
20734
20737
20741
20741
20743
20747
20750
20759
20759
20761
20765
20776
20783
20786
20792
20797
20812
20812
20814
20815
20816
20819
20831
20832
20833
20844
20855
20859
20864
20868
20878
20887
20892
20892
20897
20898
20898
20903
20905
20908
20924
20934
20938
20942
20942
20948
20952
20953
20967
20971
20977
20978
20987
20994
21003
21004
21015
21015
21015
21023
21026
21029
21030
21031
21035
21037
21039
21049
21050
21055
21057
21074
21078
21081
21084
21085
21086
21092
21095
21097
21107
21125
21137
21140
21144
21148
21150
21154
21156
21157
21160
21162
21164
21164
21166
21173
21174
21176
21183
21187
21191
21193
21194
21197
21201
21203
21211
21220
21220
21222
21225
21230
21241
21242
21245
21257
21258
21281
21287
21287
21288
21289
21298
21299
21311
21318
21322
21332
21335
21341
21350
21352
21358
21364
21370
21374
21376
21383
21384
21388
21390
21393
21403
21411
21412
21417
21417
21422
21426
21427
21431
21448
21452
21455
21457
21462
21463
21476
21477
21477
21479
21482
21483
21485
21490
21501
21512
21512
21514
21515
21517
21527
21533
21536
21550
21551
21559
21565
21576
21581
21584
21593
21594
21600
21609
21609
21615
21618
21621
21621
21629
21633
21637
21650
21651
21652
21652
21659
21660
21661
21665
21674
21680
21686
21689
21692
21705
21706
21710
21711
21713
21717
21718
21720
21721
21729
21730
21731
21736
21743
21745
21753
21757
21758
21758
21778
21785
21786
21792
21798
21798
21801
21808
21825
21833
21835
21836
21840
21841
21841
21853
21860
21867
21870
21874
21876
21878
21879
21882
21883
21883
21885
21886
21902
21903
21910
21913
21924
21940
21943
21947
21953
21967
21967
21970
21970
21981
21981
21981
21985
21985
21991
21993
21999
22007
22011
22011
22025
22029
22029
22033
22033
22034
22061
22064
22083
22103
22110
22112
22113
22115
22125
22126
22126
22129
22140
22140
22142
22154
22166
22166
22171
22173
22173
22180
22184
22186
22186
22191
22194
22199
22216
22219
22225
22226
22232
22235
22244
22246
22254
22255
22273
22285
22299
22321
22328
22335
22338
22342
22342
22342
22342
22369
22375
22376
22385
22392
22396
22412
22421
22429
22432
22439
22446
22447
22452
22469
22471
22486
22494
22497
22517
22524
22530
22538
22545
22546
22548
22550
22552
22570
22574
22577
22580
22593
22598
22599
22605
22612
22620
22628
22631
22650
22672
22694
22703
22721
22725
22733
22742
22745
22748
22748
22767
22772
22774
22778
22800
22806
22811
22815
22826
22850
22853
22856
22859
22883
22885
22889
22897
22906
22920
22926
22927
22938
22942
22956
22960
22962
22967
22971
22976
22988
22998
23004
23008
23009
23016
23022
23042
23043
23049
23061
23062
23065
23070
23092
23106
23110
23113
23118
23119
23122
23132
23135
23137
23154
23158
23163
23163
23164
23169
23182
23185
23211
23213
23220
23233
23233
23236
23240
23248
23252
23257
23259
23259
23259
23264
23265
23267
23273
23275
23290
23290
23293
23300
23319
23323
23323
23324
23328
23334
23347
23350
23351
23355
23363
23364
23366
23374
23381
23386
23399
23401
23407
23419
23421
23424
23426
23428
23431
23432
23437
23437
23442
23447
23466
23469
23470
23473
23480
23487
23493
23510
23512
23521
23528
23533
23534
23537
23538
23544
23545
23549
23572
23584
23597
23611
23615
23626
23629
23637
23639
23640
23648
23660
23663
23671
23687
23712
23716
23748
23763
23767
23772
23777
23792
23798
23805
23808
23827
23834
23848
23873
23876
23887
23890
23922
23923
23928
23946
23961
23962
23964
23976
23978
23981
23984
23988
23990
23997
24006
24015
24023
24023
24025
24035
24072
24073
24081
24082
24084
24088
24091
24096
24117
24128
24137
24140
24142
24143
24145
24147
24163
24165
24177
24191
24192
24196
24211
24213
24214
24217
24218
24230
24240
24278
24298
24299
24301
24306
24324
24332
24344
24349
24350
24356
24360
24367
24377
24380
24381
24383
24385
24385
24390
24390
24392
24395
24403
24404
24411
24420
24425
24440
24441
24451
24460
24481
24485
24492
24496
24498
24514
24524
24538
24548
24551
24564
24570
24580
24593
24596
24601
24603
24615
24631
24644
24655
24660
24666
24667
24668
24671
24675
24684
24692
24707
24721
24721
24722
24738
24744
24747
24760
24774
24781
24788
24803
24807
24809
24814
24814
24816
24820
24822
24832
24840
24844
24858
24870
24889
24895
24901
24907
24910
24910
24913
24929
24932
24945
24946
24949
24952
24962
24967
24973
24979
24989
25002
25007
25016
25021
25023
25028
25036
25044
25053
25058
25063
25081
25093
25097
25104
25107
25116
25130
25132
25140
25142
25154
25154
25165
25169
25182
25196
25202
25207
25208
25232
25257
25275
25283
25284
25306
25331
25332
25333
25357
25362
25370
25388
25394
25401
25408
25408
25413
25414
25425
25440
25443
25463
25481
25498
25521
25530
25536
25541
25560
25567
25576
25578
25581
25596
25596
25602
25603
25620
25634
25644
25649
25655
25659
25667
25672
25682
25682
25697
25718
25726
25740
25766
25774
25775
25795
25801
25810
25819
25836
25842
25849
25852
25869
25870
25891
25896
25907
25921
25922
25925
25929
25934
25978
25992
25992
25994
26010
26022
26025
26030
26056
26076
26091
26092
26092
26101
26114
26115
26120
26142
26144
26159
26165
26171
26171
26180
26184
26212
26225
26236
26253
26254
26266
26275
26282
26286
26291
26302
26310
26319
26336
26347
26348
26353
26360
26388
26417
26423
26465
26473
26498
26512
26517
26522
26542
26543
26548
26549
26557
26560
26560
26561
26566
26582
26586
26587
26609
26609
26621
26631
26639
26679
26691
26705
26718
26735
26738
26742
26775
26793
26808
26818
26823
26833
26844
26848
26866
26875
26884
26906
26914
26923
26931
26947
26962
26968
26972
26981
27001
27008
27013
27024
27040
27044
27054
27061
27069
27077
27097
27101
27102
27118
27123
27124
27126
27131
27132
27133
27163
27229
27235
27242
27251
27256
27267
27281
27283
27286
27306
27330
27331
27332
27341
27344
27350
27356
27362
27363
27363
27399
27426
27430
27436
27452
27454
27457
27460
27466
27471
27484
27484
27498
27505
27511
27513
27527
27558
27560
27561
27561
27565
27568
27623
27625
27627
27636
27654
27672
27692
27730
27730
27738
27741
27755
27761
27766
27783
27792
27794
27795
27800
27801
27809
27814
27825
27873
27881
27899
27901
27903
27917
27927
27939
27947
27947
27993
28002
28007
28033
28042
28043
28048
28050
28063
28067
28078
28117
28130
28132
28132
28135
28140
28161
28167
28177
28183
28186
28204
28210
28214
28214
28225
28240
28256
28258
28288
28295
28297
28306
28320
28337
28358
28361
28378
28381
28382
28389
28390
28401
28415
28416
28428
28440
28447
28452
28454
28479
28485
28491
28491
28492
28502
28514
28522
28523
28533
28534
28545
28548
28548
28558
28581
28639
28642
28656
28659
28680
28717
28755
28780
28793
28794
28809
28811
28815
28829
28832
28834
28837
28859
28862
28871
28895
28905
28913
28917
28930
28941
28942
28946
28947
28950
28957
28970
28977
29003
29008
29009
29034
29035
29040
29041
29049
29050
29052
29078
29081
29090
29114
29126
29127
29141
29145
29158
29160
29193
29209
29214
29225
29230
29239
29279
29300
29301
29315
29328
29334
29348
29352
29355
29362
29374
29377
29384
29387
29440
29442
29456
29457
29469
29474
29474
29474
29478
29493
29494
29539
29539
29542
29544
29544
29555
29581
29591
29594
29615
29633
29634
29642
29652
29668
29686
29709
29724
29726
29741
29771
29805
29813
29854
29871
29890
29895
29897
29899
29958
29965
29979
29979
29995
29999
30003
30024
30027
30060
30076
30076
30082
30087
30090
30093
30125
30141
30185
30201
30201
30226
30232
30242
30244
30260
30264
30284
30307
30319
30342
30361
30386
30395
30395
30433
30466
30521
30526
30557
30563
30567
30581
30586
30591
30611
30614
30627
30636
30650
30657
30664
30694
30698
30710
30724
30743
30747
30747
30757
30759
30762
30779
30789
30791
30795
30801
30801
30830
30836
30846
30846
30867
30868
30892
30909
30921
30924
30939
30949
30970
30976
30984
31022
31027
31040
31092
31103
31116
31116
31138
31201
31208
31216
31223
31239
31254
31296
31303
31316
31331
31341
31344
31362
31374
31392
31398
31425
31437
31437
31446
31451
31459
31464
31464
31473
31478
31479
31480
31485
31493
31504
31533
31538
31544
31545
31552
31566
31569
31572
31597
31654
31661
31696
31699
31708
31718
31735
31753
31801
31818
31836
31838
31847
31874
31911
31942
31969
31974
31982
31990
32005
32024
32032
32043
32055
32119
32122
32147
32152
32164
32177
32183
32193
32194
32211
32217
32223
32225
32254
32257
32308
32334
32343
32358
32391
32397
32404
32411
32431
32448
32503
32539
32553
32554
32565
32584
32594
32598
32617
32655
32655
32667
32676
32680
32699
32763
32765
32766
32775
32785
32817
32818
32820
32854
32891
32927
32928
32995
33025
33030
33037
33065
33066
33084
33096
33136
33144
33178
33204
33243
33254
33265
33272
33297
33306
33335
33389
33390
33400
33427
33438
33442
33467
33467
33475
33488
33506
33516
33535
33543
33561
33590
33602
33603
33615
33657
33658
33661
33708
33735
33755
33770
33812
33817
33828
33841
33883
33904
33905
33916
33965
33975
33985
33998
34061
34095
34128
34146
34186
34234
34255
34261
34266
34303
34334
34352
34355
34366
34382
34387
34406
34408
34418
34450
34519
34533
34614
34626
34645
34654
34659
34683
34706
34713
34722
34733
34755
34761
34800
34828
34831
34835
34850
34936
34950
34951
34985
35028
35080
35103
35113
35113
35122
35144
35176
35181
35238
35309
35340
35416
35443
35470
35475
35484
35570
35655
35674
35683
35686
35694
35733
35744
35765
35831
35842
35890
35895
35970
35997
36001
36009
36014
36049
36066
36067
36111
36164
36209
36215
36433
36465
36531
36549
36572
36644
36857
36871
36890
36918
37003
37009
37073
37150
37165
37183
37216
37260
37331
37354
37379
37464
37514
37520
37762
37811
37897
38168
38296
38692
38716
38813
38897
39166
39327
39442
39446
