8581
19467
20217
26275
19129
23275
19882
24367
6859
9760
10041
8637
13188
10123
17671
25896
22235
12513
3718
33136
15089
18704
16931
26310
26101
21332
16184
27132
20006
22255
22960
19781
19066
39166
17915
25132
29813
30636
18587
11640
23106
20908
10038
21050
23381
10849
24385
8940
23300
21991
13237
23637
12969
18188
25028
11840
30260
15615
20380
18041
22342
10795
18994
12015
23264
28204
35122
14240
20456
17815
17809
11454
25408
28297
13642
14540
20528
21166
18738
12171
22083
18156
18912
12502
21680
20209
28256
14197
18625
19050
10471
18689
17872
32667
10090
2266
19062
21967
18188
24538
13077
20136
8408
20725
19661
18823
12272
10598
18218
20164
21609
19216
32225
18272
25775
11736
30521
8028
20783
20603
8453
12252
21721
26115
17190
17690
23328
15291
9112
14845
21576
21660
23772
15778
2568
21947
30791
26336
19194
18879
35831
27484
20437
28161
30939
15154
21490
25870
19742
18113
9730
21287
18055
24809
32217
21514
29230
24601
21057
8782
11975
31473
25567
29362
24278
9677
4717
24073
11807
21230
10160
12819
19814
2825
18945
4384
20558
12225
18114
16574
23748
20649
18841
9907
28007
17974
15462
19375
21717
1120
4403
22342
3379
14238
24177
30779
9783
1827
20209
1482
4583
17931
18898
18279
15794
18842
20987
10938
10040
18423
24411
21477
17018
14718
22650
16494
18634
18394
19524
9170
10445
19705
18062
24684
19156
20938
7127
19328
27124
28492
12575
13907
18366
21743
17951
26212
20682
14150
22226
18441
11972
18387
17895
18876
19569
19139
6658
17137
3641
25140
24035
32257
18773
21629
13757
18492
1206
18564
20029
23421
22530
17414
9629
1694
4294
15455
9770
27001
20747
26159
8911
19468
20386
32005
10084
16152
16492
22956
28514
19669
14739
21659
20797
20499
5028
18817
10120
19589
20584
2025
