23572
25816
11659
12102
12643
19762
23618
24471
13053
17103
26501
17142
17110
10028
19385
1656
3781
16899
23330
8131
5592
30617
16442
17422
10640
12334
17980
20699
18759
15542
15572
11818
15331
20946
12769
5147
19833
13534
15184
10820
12903
21768
17570
14038
6322
15234
24793
14793
9246
15483
18879
12016
18671
10248
2218
20587
11586
10637
8228
17731
21709
21446
28964
12602
15221
13143
8758
15601
19178
18364
21253
33003
11570
12189
25563
16721
26027
23438
11025
20288
20456
25216
10498
11818
9742
17230
16143
15898
8992
20521
9845
14141
15644
15440
22751
17375
18882
3099
15213
12314
13699
10687
24955
18576
15558
14811
18309
23519
21686
12970
13751
13521
20734
17559
19471
20328
10014
19816
12221
6189
12153
11554
22999
5485
13753
21315
20570
19214
3887
14674
11067
11341
18297
22284
18632
8584
10898
19998
3284
16884
10544
18559
28049
8667
10805
17595
11941
11968
8483
17605
12029
13432
25224
12597
10495
12930
12785
14514
26256
28705
10654
14563
18176
24636
17252
21042
12465
17511
15212
11078
23904
6524
18998
10636
12650
11026
10415
18442
10843
9904
8857
16995
27415
24122
14544
13535
18481
28737
9877
15152
13938
13530
18063
11702
16924
13612
12782
15195
16800
22503
10060
12144
19723
17035
17907
10556
12791
27482
14951
28506
21734
14516
10645
3122
12392
10313
16348
12435
19198
11692
10439
18345
6995
9123
24212
7634
16525
13399
9962
10661
13936
11200
18955
20226
12429
11152
15069
21776
18931
12125
15085
17374
12426
12266
17041
14964
12574
26909
13476
11752
8991
19692
20251
24629
10248
17627
25982
17062
10412
15774
14095
4821
11914
10256
11142
19973
14262
18836
15264
19046
18328
12556
18180
13273
10872
3126
14588
17043
17994
16592
10929
11412
16243
14567
11290
14858
11331
14720
14089
24231
12063
11644
2170
10413
14613
29366
19286
10418
22734
12213
13453
10059
9942
20494
17054
11239
14223
16805
22444
18139
9644
18571
15391
21354
21880
14925
14250
8686
16718
18506
17424
21679
19920
28213
12233
13099
20866
15583
9412
13996
9207
17800
24389
10877
13090
14479
9343
9061
7281
14995
13601
14960
21025
27339
9239
18135
16974
13991
14398
14511
14168
12438
17938
10231
12810
3749
19503
17311
10985
18907
11388
16690
7335
24601
13437
12606
14502
10017
16394
14642
18687
13973
17053
14420
13560
24478
14420
24538
21309
9870
29540
21709
17903
10352
9754
16276
17175
7702
20506
8326
12696
27479
10991
11786
14136
19594
13304
19302
13896
7078
12543
16750
9586
7014
15426
12015
20287
16452
23086
18056
12400
14950
17496
12229
23209
12257
9531
10953
13087
19927
12322
19690
12427
16039
24375
18629
20491
11578
11468
12584
13277
32569
10163
12028
6336
19578
12033
16396
12984
10087
15826
9020
20402
10034
9514
16438
15681
19719
9917
9310
13495
29719
13287
12029
16066
15179
12937
21308
7798
10460
19425
17135
11623
18659
11447
12060
10191
17126
17477
9718
8186
16599
32806
14779
17713
12523
24752
12039
17830
14043
20080
15526
6806
11875
11769
12505
24771
23175
13555
17482
19943
12762
21262
10018
13577
14041
12556
14895
8787
20240
10786
26339
14207
4622
14284
9978
18558
14353
14231
10821
22741
20855
14104
9341
19697
12684
11520
10287
9259
12361
20705
20780
15363
12725
17854
18840
15406
18812
12932
16960
9671
6079
21107
11551
10670
17635
20060
11082
15546
20563
19633
11488
14328
26926
20979
8747
10113
23038
10669
13948
15016
16453
6101
11242
15724
13583
18836
26458
14694
19096
8455
11326
19557
10943
21938
15912
9779
9956
21205
12706
11170
18473
23653
9728
13994
10123
18013
15319
10099
19457
9799
14933
11001
20905
12838
13610
10302
1042
11639
30496
16008
16180
9873
13733
13965
13995
3611
19416
11133
13806
12756
18183
13782
24666
12174
9017
20830
16955
11313
11309
18266
15094
12059
10948
16946
17312
1922
9155
13912
10131
14750
14025
16591
13139
10795
21862
21440
10229
16776
9416
12570
14494
26833
10741
15327
15791
12816
9052
8060
10859
17056
9170
4664
16288
4373
13336
21761
18704
20823
17061
16048
9542
11788
17106
13885
14218
14906
18096
10501
13031
16257
25677
11508
21323
25109
21027
12699
16820
24521
13482
12276
19446
9421
18407
21369
20503
16956
15295
8223
18065
26249
15192
9352
6573
11535
17783
9659
13983
8957
21048
32328
16206
18211
9430
17487
13609
16568
17761
10306
11188
18727
12847
15942
12254
20188
16968
16058
17169
11985
22087
13712
14093
15787
11711
19040
25371
15956
20838
10796
20869
6645
15469
10672
13882
15712
14949
19456
14244
13341
12366
14829
15456
13886
10764
11715
17056
12268
15119
19659
16882
9078
9273
16850
16380
16769
12879
13439
1141
15147
18576
19745
37345
10585
23773
14736
13798
5893
18542
18246
18962
13645
13076
12087
10932
23118
14743
16323
26973
28631
4346
19834
15064
1326
16045
8837
3412
11378
10851
10193
9890
7119
16356
23025
24177
21229
33567
15686
10588
20359
15621
24444
5684
1108
26693
12323
23671
12573
23694
12051
10870
9251
18746
14462
11502
25781
28581
14155
18403
8969
18349
18823
21330
13767
16538
10265
9056
13913
18842
12326
9604
10977
11267
11528
29003
7245
19052
14361
22920
15441
10453
12426
13362
7500
25753
14632
10140
10685
11801
16518
18144
9926
13246
12421
15915
22098
16822
23540
11378
14390
17100
17337
17016
13674
13046
23772
22556
24085
11248
18400
7316
21105
24916
10122
13863
4894
13346
17842
12799
26881
17648
15451
17724
15148
24303
9502
9863
13282
19473
19323
9622
20930
9539
7693
15537
18455
22172
18712
18599
11449
17001
10320
19607
12516
15820
10444
24127
1403
15115
28438
10411
20576
16617
19359
17427
6475
17733
22944
15044
29372
12974
16912
8294
10354
16391
12381
15248
16908
14592
15169
14152
20148
17698
18741
12580
9179
6764
15807
19098
17713
18108
10435
11930
12265
11027
15073
10472
20553
17332
14129
14937
10128
22126
12658
14413
17688
28336
15966
3898
11764
13959
20537
18145
5642
10403
13556
20520
10803
19128
13692
9575
20521
13437
17572
12226
7115
12281
12788
18399
6588
17492
16906
9480
18641
34964
3393
25947
15083
10251
12589
19171
2469
10891
10681
18870
6964
12740
14769
20004
22309
13412
18664
16438
14765
9965
19082
17642
23245
12157
9939
19048
14083
18390
8314
15337
13312
10597
8244
23774
14369
12850
12752
19062
12733
7976
17435
21024
12003
18264
12917
17903
16566
12321
16255
13002
11566
29705
13850
25027
19399
16436
13121
15097
18121
13845
24563
11355
12307
16030
27561
15798
12934
11702
25623
21529
16572
15349
14149
14877
14238
15203
12067
18378
9363
12702
24708
6228
17752
8540
11247
5753
12738
10544
14971
26949
13093
25058
17493
20803
14431
10857
15142
12826
18260
8901
8594
14742
18566
16990
17029
16873
15864
16680
20476
8093
19377
13515
19691
14488
27110
14882
13413
11105
16580
10451
6269
15774
11897
11976
8498
21910
9868
16069
10406
10940
16444
7443
22880
15796
19620
18454
17434
17351
12170
22647
9954
18665
16243
26656
17136
10629
17315
15028
19799
8674
9517
14857
18799
18091
28597
16278
16948
11867
19246
15260
14458
22372
10714
9779
8556
22348
8435
17442
26555
11034
26238
12925
15450
22998
13172
17651
18418
30863
15966
9175
13711
11927
12697
27545
13446
22882
19380
11379
18387
11806
27117
18384
18300
10167
16845
12796
25053
18641
12113
15760
12775
11164
16130
18749
21298
24193
9608
14757
14812
13896
11116
19236
15079
9500
10712
12167
16332
16453
10022
21433
9087
12306
17771
18113
16247
11727
21095
9524
15649
16286
17124
16691
8549
7053
20935
5571
17650
13501
15623
20135
6220
17298
12655
14810
20511
13933
16731
11833
15444
29054
7027
9493
19422
9566
12666
15225
12845
9716
33475
15527
19985
4927
16676
12026
11398
10163
12598
17269
15008
9551
15916
16632
18851
6584
8855
20470
12830
23368
13041
17487
18432
12005
12082
24743
11646
10365
15993
16378
20569
12520
11092
16862
9298
15795
16396
4351
17807
18706
22467
18122
13141
17337
10301
10469
26921
17256
11880
13284
9448
17846
18341
17090
9817
11694
18980
20410
17497
23377
19848
16007
14106
11549
10273
19643
10100
12152
14048
16799
14305
19481
22394
13898
17044
20183
11922
17232
19631
13302
9863
17010
22493
16849
10528
19350
9617
23494
11168
21148
18017
14724
10911
24052
8326
25158
15741
14840
18921
9576
17430
18138
10893
30604
21675
11629
25589
11317
18671
11207
13310
14657
13455
17880
10563
11399
19344
12734
29127
18122
12001
12071
19644
14094
20282
26451
10437
24921
23609
11810
18265
12911
18714
9846
12528
14831
16226
19086
21947
14191
26940
8747
12446
14522
12440
14916
14604
11225
13479
6999
8684
19036
13255
17162
3314
14793
17115
10734
13713
23744
12643
10861
13845
10189
13320
21092
20908
15908
16109
8509
23208
18260
24824
9125
19272
10526
32194
7263
15859
21300
16985
23497
1058
24693
23159
19759
19304
19646
14049
11712
8771
19142
14469
24033
11282
13972
12571
13852
14920
19946
13181
15910
21291
9808
10756
15132
16389
10744
14695
23524
13518
10968
17103
10914
9668
15420
11484
16989
9816
1395
17310
9921
12973
16906
21814
12437
7231
15086
18479
19701
22372
20536
8436
21502
14885
14770
12396
17485
14517
20620
14734
12664
9762
18906
17299
13436
5715
19573
14655
20919
11498
22711
14846
20086
16367
7905
10474
7467
1096
22497
22079
15309
16792
16749
13420
20979
18646
13375
9064
13452
11970
10634
10336
17576
11912
18005
20615
15468
8564
17503
10306
8841
12595
10842
12152
9911
11609
28413
23254
24564
23472
5584
15720
18826
18538
10063
11650
10321
19281
13995
15223
10949
11949
10851
28426
20163
20960
12027
25232
10320
12109
14892
18881
9244
13845
20574
18181
1020
19687
19290
16316
16116
8754
12908
8756
15573
10768
18842
13128
11205
12665
10562
14270
20201
11295
14593
13188
11424
10103
12595
4275
17258
20933
27716
17926
8266
17363
15326
13478
22785
9801
13276
11953
10919
18241
19981
8675
13640
9776
12484
9941
9645
9605
10867
14783
18165
12135
14585
8700
11130
13026
1013
7522
18539
16071
12942
11759
16122
23938
13811
19714
10400
14637
23304
12437
16847
22894
12727
13486
21462
29804
18466
14428
14614
15089
15965
16502
19521
12652
8562
21791
16175
17845
9463
21573
9503
18342
15136
6016
17186
17029
14708
7618
7918
16851
9264
9966
12752
14468
20207
15256
20810
5828
8267
12446
11901
19385
4974
8555
16801
15622
14567
16217
9909
13244
14567
23115
17849
14929
2361
13455
12740
15545
14357
19141
17015
15783
23326
12257
17561
19749
13687
7403
13845
10625
27316
11479
21471
5616
25612
11791
12872
16338
16262
15099
17489
12322
28966
14049
12548
15244
20428
12873
19256
15024
11695
19160
16775
19077
16211
20708
7684
11074
12804
21024
14118
24141
9369
12220
9196
17878
18732
27402
10014
12230
12626
22631
17913
14306
19995
8619
21148
16858
17587
19886
10890
13161
11863
10482
12660
18152
22398
19447
13227
19503
12125
12521
2348
11696
20288
8575
24458
12864
18747
13026
10964
11259
16675
25634
14524
13067
8905
19232
18617
9145
8461
19297
10729
6882
9972
18309
21140
9268
13526
18286
13727
13115
15303
13265
10864
8473
16924
25778
18664
13160
12230
14824
11488
17788
11337
9647
17437
11315
9718
10056
11001
16677
9974
11217
18450
9357
14745
17892
12436
22422
9134
20615
21895
18824
1430
11597
11610
14178
10311
10367
12291
15904
4995
10370
17055
10601
19515
20742
10926
11792
17543
10597
18795
17563
15881
10161
17822
14437
16845
10889
15990
16485
9829
12828
6977
13723
17495
17810
9890
19428
10716
17359
21042
18496
8271
9722
13639
17676
9995
17819
10570
17538
7687
17255
11927
10954
10599
16373
13310
17957
10043
7888
11993
8637
9609
26268
12101
12011
10680
16663
10098
13219
23840
17828
10270
21864
12428
14255
9245
9118
19979
27936
19164
20152
17266
17792
9315
15887
12558
13950
21321
7626
15624
16367
22669
15893
25028
9146
18565
9858
10766
10813
13411
8066
12617
15459
11670
10443
10490
11381
14181
11515
17142
19825
10905
16468
14745
10721
14007
13040
9561
12581
14066
13266
11962
15183
11738
18951
14229
14450
11906
16112
19283
10438
10988
10620
21632
19760
11731
14701
18828
17731
11045
9237
10551
24536
11710
11004
11051
21517
12614
15732
1052
21171
9736
14264
19976
20689
13701
11619
16072
19003
9319
13070
15410
32588
9510
12058
12679
13400
20826
18301
24169
15802
11028
21201
4415
11998
21023
27653
11039
13576
11632
13359
24833
22058
13969
9882
17948
26006
12273
16414
25802
15581
11719
20826
14891
11812
11303
13575
11745
11556
16840
6344
13043
16292
13281
17208
13860
18746
11847
16366
4452
14301
15330
18811
13235
8740
9750
11251
7996
9784
23232
20573
20808
12161
10655
14741
19265
15092
17390
13202
16779
17967
4619
12672
19520
21214
9180
14258
21190
12965
14228
18072
9512
15318
7042
17053
10567
29109
10836
18238
8867
19993
9117
12788
25438
2671
13952
21460
13646
7559
9155
28388
16000
11741
16810
20295
24617
7781
14368
14728
9804
8660
26342
13206
29713
11905
19227
11331
18102
13335
10691
13123
13655
9053
22321
7348
14045
16460
20096
10442
18897
16248
14946
14375
25532
12093
16774
10573
18140
17491
26724
19633
13299
1507
14924
22781
11765
15070
13796
11949
15722
14591
11991
18811
21567
15027
18899
16339
11506
19038
17875
11350
14980
10650
12298
21717
17998
11425
12461
10988
35892
12332
3528
13341
21316
3585
9189
17159
7244
18993
15871
12987
17845
12028
9648
14716
17765
18133
19668
9167
10857
20525
18184
12389
16235
19473
9426
19855
12339
29536
17789
17979
13555
13997
16364
11963
15853
10858
8377
9734
14309
10008
16226
15228
35697
9007
19942
12668
15372
21590
20231
1296
11185
17866
15970
1607
17563
13412
20349
14546
21173
14220
12412
15989
9895
10266
8091
14396
15494
26909
16245
19095
19809
20486
9793
18283
13165
9855
10844
12811
12722
25188
11289
17427
18450
12653
19282
18581
19113
12395
17371
1114
13222
12569
22486
20149
10899
9197
20307
12827
10637
18429
14484
20865
11291
10136
17081
10662
14522
9823
11163
12591
11662
19493
11629
11823
11317
9056
15155
28121
12585
17433
12805
13439
19391
20697
13045
12741
21501
11929
19326
26824
12815
14817
22496
6355
6033
10625
13338
10884
11257
8623
10792
14776
22259
16063
8707
19536
13766
10064
9469
16423
2853
15979
14303
18078
11344
11193
15902
20722
18283
11261
12782
12666
16821
2276
17194
15759
19150
23026
20649
16883
13846
16621
12566
10197
1049
14182
13011
18476
12389
13752
12008
10640
11266
15865
15088
18823
11474
15441
6614
9852
10772
13355
6273
18153
11115
15812
22848
9907
17038
21487
13363
11148
10762
18420
21765
13780
11393
12344
13549
16355
19099
13266
12736
11777
15478
14428
11012
18841
25188
14021
28774
16636
30596
19246
12952
12426
2161
7845
8185
10469
19896
19906
10555
7717
22086
9424
10186
16243
9603
15569
12369
11480
6325
9128
10657
18497
11046
24191
8494
11777
17454
12529
7484
15636
23394
3221
12209
10899
11500
8499
23143
15807
15415
21145
17671
30583
23291
12006
10308
13268
8338
11278
10244
18524
2096
16839
11191
11016
17012
4064
12648
8187
16907
8986
13590
11636
4381
18560
11812
11646
8873
14539
9998
12149
14150
17027
19864
17553
9634
10225
12244
16559
11456
11476
17529
20568
22188
12679
13993
11092
9341
24282
16023
17749
32614
17846
20888
20595
14877
21594
25101
23507
21656
11336
14393
10304
22098
7626
18162
15760
22215
11091
19713
15313
10574
16872
9697
10508
1418
17193
10275
26907
10445
18994
11166
10670
10167
16022
20644
14136
17734
12446
11006
28034
24693
17917
17258
10788
1058
18999
26840
9407
14879
7188
19262
18173
13304
9268
7873
10310
20093
14074
23551
20017
17432
14569
19279
14955
16309
14573
18899
11490
18542
25079
19327
10888
17310
10057
14926
19725
14108
17554
11959
22339
16254
19023
38040
10241
11483
14339
16500
10904
12350
14308
17443
5077
9663
26152
4122
11873
9710
19460
10509
7703
9038
14906
12541
9551
9651
12943
11593
13538
12053
15943
13317
13219
10600
19383
8811
16121
10868
6737
6021
12664
12209
12553
25771
15708
15229
11382
16941
26085
15612
15666
21053
20259
1341
17925
14330
15432
14370
10593
18291
9836
19842
10875
15215
17829
21239
20494
11965
10406
16125
13156
21793
3207
11303
9568
19742
5174
19876
21180
35927
11890
16462
12758
20989
11811
20772
15758
16503
20182
9700
10978
9271
11638
15200
16843
11015
24076
13434
24860
16527
12477
21048
11078
12390
11850
9704
23069
20185
9958
20941
19898
15236
8317
12299
28357
23996
18122
9969
16857
8982
21421
16408
37990
17903
12144
14307
4648
18373
4134
17759
9466
14595
18217
12813
9585
13878
20727
12085
11327
11185
13385
21615
10645
10512
7266
9850
16465
10998
18861
15267
17205
13265
10037
18443
20405
13824
11552
2623
5129
21591
21180
14099
15939
11434
22672
7949
18729
17276
20688
10012
22364
10454
9778
14020
6779
9261
7744
7617
26979
21947
12192
15782
15651
18810
9147
12849
16878
20378
14534
15958
13062
9193
10363
15450
9560
6925
4105
10352
11396
12675
16542
10557
11653
11295
18139
19772
18914
8990
18579
9304
10168
11203
16580
14710
13520
8620
16461
21233
12613
20241
11472
1678
12508
17879
12968
14036
28365
16015
17488
9957
20138
19999
12447
19634
28455
12664
15796
14780
15875
16656
14404
10392
17624
6752
21246
7078
18953
13672
11670
20929
12335
8892
12024
21002
10813
16976
22723
22168
9180
24491
24046
9485
6214
10023
9634
14356
11258
1179
11234
12224
13879
8930
19307
16568
14020
16654
9983
10301
18216
18013
11867
11596
12367
14594
11524
17898
16295
15659
15076
21548
17531
15639
9948
12933
19157
22136
5485
2789
18456
30055
17786
16467
21158
16163
17185
7628
17394
17283
8014
13921
11264
14329
8693
21572
12353
22222
25638
10826
18659
15362
24598
14584
12753
13074
17698
14234
10342
18934
10576
20971
9776
11604
5125
12232
12243
16224
10771
10007
21275
6136
15488
12710
10579
21767
18213
9520
20350
9763
13958
9833
12297
14803
11303
15023
18907
11418
14766
8569
10700
18865
15766
10734
23152
23790
13965
12574
13726
11073
9942
9739
15789
19962
25209
16506
8563
14550
11367
16778
11872
14514
16243
16926
15368
20872
18418
10526
9421
28299
10977
14519
10178
20593
16546
20195
13579
18375
11403
10500
23491
19132
17277
12324
24948
22871
8612
20328
18429
8322
19394
15816
21773
9631
14294
22887
17675
31332
16685
14402
11154
17727
16579
12715
9755
13161
12363
20610
17011
9318
11480
21681
10488
15774
18636
22461
14180
27184
18264
13537
28319
22660
24274
31491
18229
14609
14076
22235
20980
11388
18432
12957
13203
14058
13418
22916
17881
1310
9416
8903
15907
7879
21042
10961
20138
13950
9219
9052
21005
3714
12313
24873
27253
15451
14595
20492
11869
16077
13775
9490
28294
18954
11648
11124
15576
11778
10800
30683
17244
7857
8856
11282
3812
16835
10375
18923
16018
16138
9068
15356
25381
18378
14967
20699
19084
9533
22728
18840
11667
14520
9396
16883
14806
12459
9590
12488
15488
27759
11437
9266
22002
20129
11233
28754
13387
10893
14186
10823
12807
18166
12259
15899
19228
17058
22237
19839
9013
13208
15898
10641
6373
15252
21452
16046
13802
1433
21379
21192
15767
6860
11989
22125
9981
27569
11264
14367
17946
10450
12621
26972
9844
12936
19848
18100
15973
12829
10188
15490
8037
27095
15373
17853
22400
12552
19402
2743
10971
6540
19811
11810
12526
27463
22498
18916
9428
20459
9860
13429
30373
17702
6400
19818
12716
11429
7887
16067
28425
8680
30271
15029
25728
14606
11268
7887
12254
15126
22642
14577
12397
11672
11026
12059
20117
7904
13055
14325
11128
11336
8256
11232
14612
13959
34393
18868
15496
15169
10441
33901
21243
13608
11977
10620
22901
19106
16675
23617
8900
20097
16838
10487
11284
19269
20451
21798
4263
13059
11322
16352
5489
10359
12624
10128
12564
10183
11616
11370
10762
13824
15228
11667
23942
10032
9234
13400
13044
17215
10489
11716
25227
27353
13333
15342
10635
12422
21874
12709
7722
20663
11341
8215
16598
33026
9709
13032
23264
22835
16252
15835
8578
9956
9447
13653
13580
14621
20408
16624
9938
11849
13374
11370
14683
15539
16505
18681
14886
13841
12811
11350
16803
27513
2037
10326
7133
1164
21033
16510
22014
13468
21212
18522
13854
15739
19430
28933
18944
23382
20868
11765
15573
17820
17638
14916
17163
14202
21830
8727
15400
15752
20023
23966
10199
7480
14075
28490
17987
22490
15581
11901
14970
12837
10085
10970
20332
11931
19576
11025
10637
21397
22367
19570
17041
18265
23416
12655
11872
15629
14502
20432
12283
18335
18919
15219
11717
19306
15070
20091
10086
10665
13249
12187
9730
20687
16858
18247
11411
12996
