23663
8581
0
0
0
0
0
0
0
0
0
0
33812
0
0
0
0
0
0
28186
0
0
0
0
0
0
0
0
0
0
0
0
0
21015
0
0
0
0
0
0
0
0
0
0
0
0
0
0
0
0
0
0
0
0
0
19467
0
0
0
0
0
25576
0
20501
0
0
0
0
0
0
0
0
0
0
0
0
0
0
0
0
0
0
0
0
0
0
0
23660
24989
0
0
0
0
0
0
0
0
0
0
0
0
0
20217
0
0
0
0
0
0
30242
0
0
18015
0
0
0
0
0
0
0
0
0
26275
0
0
0
0
0
0
0
0
0
0
0
0
0
26639
0
0
0
0
23615
0
0
0
0
0
0
0
0
0
0
0
0
0
0
0
0
0
0
0
0
0
0
0
0
0
0
0
0
0
0
0
0
0
0
0
0
0
0
0
0
0
0
0
0
0
0
0
0
0
0
0
0
0
0
0
0
0
0
0
0
0
0
0
0
0
0
34614
0
0
0
0
0
0
0
0
0
0
0
0
20168
0
0
33272
0
0
0
0
1665
0
0
0
0
0
1406
0
0
0
0
0
0
0
0
0
0
0
0
0
0
0
0
0
0
0
0
0
0
0
0
3889
0
0
0
0
0
0
0
0
0
17057
0
0
0
0
0
0
23424
0
0
0
0
0
0
0
0
0
0
19129
8265
7552
0
0
0
0
0
0
31254
0
26144
0
0
0
17424
0
0
11136
0
0
0
0
0
0
0
0
0
0
0
0
0
0
0
0
0
0
0
0
0
0
0
0
0
0
0
0
0
0
0
13914
0
0
23275
0
0
19882
0
0
0
18645
0
0
0
0
0
0
0
0
0
33735
0
0
0
0
0
0
0
19373
18319
0
0
0
0
0
0
0
0
0
0
0
0
0
0
0
0
0
0
0
0
0
0
0
0
0
0
0
0
0
0
0
0
0
0
0
0
31969
0
0
0
0
0
0
0
22605
0
0
0
0
0
0
15509
0
0
0
0
0
0
0
24367
0
0
0
0
0
0
0
0
0
0
0
0
0
0
0
0
0
0
0
0
0
0
0
0
0
0
0
0
0
0
0
0
0
0
0
0
0
0
0
0
0
0
0
0
0
0
0
0
0
0
0
0
0
0
0
0
0
6859
0
23873
0
0
0
0
0
0
0
13326
0
0
0
0
0
0
0
0
0
0
0
0
0
0
0
0
0
0
0
0
0
0
0
0
0
0
0
1151
0
0
0
10510
0
0
0
0
0
0
19836
0
0
0
0
0
0
0
0
0
0
0
0
0
0
0
0
0
0
0
9760
0
0
26844
0
0
0
15271
0
0
11708
19631
0
0
0
0
0
0
0
0
0
0
21943
0
0
0
0
0
17721
0
0
0
0
0
0
14041
0
0
0
0
0
0
0
0
0
0
0
0
0
0
0
0
0
11847
0
0
0
0
0
0
0
0
0
0
0
0
0
0
0
16327
0
39327
0
0
0
0
0
0
0
0
0
0
0
0
0
0
0
20003
0
0
0
0
0
9640
0
0
0
0
0
0
0
0
0
0
0
0
0
0
0
0
0
0
0
0
0
0
0
0
0
0
0
0
0
0
0
0
0
0
0
0
0
0
0
0
0
0
0
0
0
0
0
0
0
0
0
0
0
0
0
0
0
0
0
0
0
0
0
0
0
0
0
0
0
15595
0
0
0
0
19572
0
0
0
0
0
0
0
0
0
0
0
0
0
0
0
0
0
0
12327
0
0
0
0
0
0
0
0
0
0
0
0
0
0
0
18683
0
0
0
15522
0
0
0
0
0
0
0
0
0
2527
0
20588
0
0
0
0
0
0
0
0
0
0
0
0
0
0
0
0
23510
0
0
0
0
0
0
0
0
0
0
0
0
0
0
0
0
0
0
0
0
0
0
0
0
0
0
0
0
0
0
0
0
0
0
0
0
10783
0
8435
0
17978
0
0
0
0
0
0
0
0
0
0
0
0
0
21711
0
0
22126
0
0
0
29078
0
0
0
0
0
0
0
0
0
0
0
0
0
0
0
0
0
0
0
0
0
0
0
0
0
0
21970
0
0
0
0
0
0
0
0
0
0
18917
0
0
0
13155
14205
0
28642
0
0
0
0
0
0
0
0
0
0
0
19957
0
0
0
0
0
0
18434
0
0
0
0
0
0
0
0
0
10041
21350
0
0
0
0
0
0
0
0
33030
0
0
0
0
0
0
0
0
0
0
0
0
0
0
0
0
0
0
0
0
0
0
0
0
0
0
0
23119
0
0
0
0
0
0
0
0
0
0
0
0
0
20458
0
0
0
0
0
0
0
0
0
25907
0
0
0
0
0
0
0
17071
0
0
0
0
0
0
0
0
0
0
0
0
0
0
0
0
0
0
0
0
0
0
27061
0
0
0
0
0
0
0
0
0
0
0
0
0
30226
0
0
21874
0
0
0
0
0
0
0
21092
0
0
0
0
0
0
0
25498
0
0
25726
0
17566
0
0
0
0
0
0
0
0
0
0
0
0
0
0
0
0
0
0
0
0
0
0
0
0
0
0
0
0
0
0
0
12022
0
0
0
0
0
0
0
0
0
0
0
0
0
0
0
19664
0
0
0
0
0
0
0
17424
0
8637
0
0
0
0
0
0
0
0
0
0
0
0
0
0
0
0
0
0
0
0
0
0
0
0
0
0
0
0
0
0
0
0
0
0
0
0
0
0
0
0
0
0
0
0
0
0
0
0
0
0
0
0
0
0
16598
0
0
0
26473
18916
0
0
21798
0
0
0
0
0
0
0
0
0
0
0
0
0
10727
0
0
0
0
14271
0
0
0
0
0
0
0
16363
0
15797
0
0
22967
0
0
0
0
0
0
0
30614
0
0
0
0
0
0
0
0
0
0
0
0
0
0
0
0
0
0
0
0
0
0
0
0
0
0
0
0
0
0
0
0
0
0
0
0
0
0
0
0
0
0
0
0
0
0
0
19225
0
0
0
0
0
0
0
0
0
0
0
0
0
0
0
0
0
10640
0
24084
0
0
0
0
0
0
0
0
0
0
0
0
0
0
0
0
0
0
0
0
0
0
0
0
0
13188
0
0
0
0
0
25596
0
0
0
26560
0
0
0
0
0
0
0
0
0
0
0
0
0
0
20481
0
0
0
0
0
0
0
0
26282
18584
0
0
0
0
0
0
0
0
0
0
0
0
0
0
0
0
0
0
0
0
0
0
0
0
0
0
0
0
0
0
0
24117
0
0
0
0
0
0
0
15600
0
0
0
0
0
0
0
0
0
36918
0
0
0
0
0
0
23533
0
29544
0
0
0
0
25925
0
0
14168
0
0
21713
0
0
0
0
0
0
0
20741
0
0
0
0
0
0
0
0
0
0
0
0
0
0
0
0
0
0
0
0
25603
0
0
19599
0
0
0
0
0
0
0
0
0
0
0
0
0
0
0
0
0
0
0
20480
0
0
0
0
0
0
0
0
19044
0
0
0
0
0
0
0
0
0
0
0
0
0
0
0
0
0
0
0
0
0
0
0
0
0
0
0
0
19820
0
0
0
12316
0
9812
0
10123
0
0
0
0
0
0
0
0
0
0
0
0
0
0
0
0
33561
0
0
0
11602
0
0
17671
0
0
0
0
0
0
23584
0
0
0
0
0
0
0
0
0
0
0
0
0
0
0
10830
0
0
0
0
0
0
13979
0
32152
0
0
21483
0
0
0
0
0
0
0
0
0
0
0
0
0
0
0
0
0
0
0
0
0
19219
0
0
0
0
0
0
0
0
0
0
0
0
0
0
0
0
0
0
0
0
0
0
0
0
0
0
0
0
0
0
8209
0
0
0
0
0
0
0
0
0
0
0
14936
0
0
0
0
0
0
0
0
0
11422
0
0
0
0
22285
0
0
0
0
0
18390
0
0
0
30386
0
0
0
0
0
0
0
0
0
0
19658
17717
0
0
0
0
0
0
0
0
0
0
0
19588
0
0
0
0
0
0
0
0
0
0
0
0
0
0
0
0
0
0
0
0
0
0
0
0
0
0
0
0
0
0
0
0
0
0
0
0
0
0
0
0
0
0
0
0
0
0
0
0
0
0
0
0
20053
0
0
0
0
0
0
0
0
0
0
0
0
0
0
0
0
0
0
0
0
0
0
0
0
0
0
0
10682
0
0
0
16985
0
0
0
0
0
0
0
10895
0
0
18919
0
0
0
28063
0
0
0
0
0
0
0
0
0
0
25896
0
0
0
0
0
0
0
0
0
0
22235
0
0
0
0
0
0
0
0
8864
0
0
10967
0
35484
0
0
0
0
0
0
0
0
0
0
0
0
0
0
0
0
0
0
0
0
0
0
0
0
0
0
0
0
0
0
0
0
0
0
0
0
0
0
0
0
0
0
35028
0
0
0
13081
0
0
0
0
0
0
0
8494
0
0
0
17719
0
0
0
0
0
0
12170
0
0
0
0
0
0
0
0
0
0
0
0
0
0
0
25016
25331
0
0
0
0
0
0
0
0
0
0
0
0
0
0
0
0
0
0
0
0
0
0
0
0
0
0
0
0
0
0
0
12789
0
0
0
0
0
0
0
0
0
0
0
0
0
0
0
0
0
0
0
0
0
0
20057
0
0
0
13293
0
0
0
0
0
0
0
0
0
0
0
0
0
0
0
0
0
0
0
0
0
0
0
0
0
0
31942
0
0
0
0
0
0
0
0
0
0
0
0
0
0
0
0
0
0
0
0
0
0
0
0
0
0
0
0
0
0
14956
0
0
0
0
0
0
26266
0
28794
0
12513
0
0
0
0
21154
0
0
0
15812
0
0
0
0
0
0
0
0
30563
0
0
0
0
0
0
0
0
0
0
0
39442
0
0
0
0
0
0
0
0
0
0
0
0
0
0
0
0
0
0
0
0
0
17257
0
0
0
0
21174
0
0
0
0
0
0
0
0
0
12830
28895
30710
0
0
0
11140
0
0
0
0
0
0
0
0
0
0
0
0
0
0
32817
0
10711
0
0
0
0
0
0
0
0
0
0
0
0
0
0
0
0
0
0
0
0
0
0
0
0
0
0
0
0
0
0
0
0
0
0
0
0
19231
0
0
0
0
0
0
0
0
0
0
0
0
21633
0
0
0
25362
0
0
22548
0
0
0
0
0
0
0
0
0
0
0
0
0
0
0
0
0
0
0
0
0
0
0
0
0
0
0
0
0
0
0
0
0
0
0
0
0
0
0
0
0
0
0
0
0
0
0
0
0
0
0
0
0
10513
0
0
0
0
0
0
0
0
0
0
20168
0
0
0
0
0
0
0
0
0
0
0
0
0
0
21479
0
0
0
0
0
0
0
0
0
0
0
0
0
0
0
0
0
0
0
0
10509
0
0
0
0
15745
0
0
0
0
0
0
0
0
0
0
0
0
0
0
0
0
0
0
0
0
0
0
0
31699
3718
0
0
0
0
0
0
0
0
0
0
0
0
0
0
0
0
0
0
0
0
0
0
0
0
0
0
0
0
0
0
0
0
0
0
0
0
0
0
0
28295
0
0
0
0
0
0
0
24392
0
0
0
0
0
0
0
0
0
0
25869
0
0
13539
0
0
0
0
0
0
0
30976
0
0
0
0
0
0
0
33136
0
0
0
0
0
0
0
0
0
0
0
0
0
0
0
0
29050
0
0
0
0
0
0
0
0
0
0
0
0
0
0
0
0
0
0
0
10198
0
0
0
0
0
0
0
0
0
29979
28416
0
0
0
1328
24145
0
0
0
0
0
0
0
0
0
0
0
0
0
0
0
0
0
0
0
0
0
0
0
0
0
0
0
0
0
0
24596
0
0
0
23355
0
0
0
0
0
0
0
0
0
28183
13807
0
0
0
12791
0
0
0
0
0
0
0
0
0
0
0
0
0
0
0
0
0
0
0
16430
0
0
0
0
0
0
17804
0
0
0
0
0
15089
0
0
0
0
0
0
0
0
0
0
0
0
0
0
0
0
0
0
0
0
0
0
0
0
0
0
0
0
0
0
0
0
0
0
0
18704
0
0
0
0
0
0
0
0
0
0
0
0
0
0
0
0
0
0
0
22517
0
0
0
0
0
0
0
0
0
0
0
0
0
0
0
0
0
0
0
0
0
0
0
0
0
0
11028
22745
0
28130
17046
0
30924
0
16931
0
0
0
0
0
0
0
0
0
0
0
0
0
0
0
0
0
17747
0
0
0
13140
0
0
0
0
0
0
0
33178
0
0
15656
0
0
0
0
0
0
0
0
0
0
28862
0
0
0
0
0
0
0
0
0
0
0
0
0
0
0
0
0
32119
0
0
0
0
0
0
15241
0
0
0
0
0
0
0
22140
0
0
10908
0
0
0
22194
0
0
0
0
0
0
0
0
0
0
0
0
0
0
0
0
0
0
0
0
0
0
0
0
0
0
0
0
0
0
0
0
0
0
0
0
0
0
0
0
0
0
0
0
0
0
10822
0
0
0
0
0
0
0
0
0
23687
0
0
0
0
0
0
0
0
0
0
0
0
0
21536
0
0
0
0
0
19213
0
0
20119
0
0
0
0
26310
0
0
0
0
0
0
0
0
0
0
0
0
0
0
0
0
0
10886
0
0
0
0
0
0
0
0
0
0
0
0
0
0
0
0
0
0
0
0
0
0
0
19633
0
0
0
0
0
0
0
18115
0
0
0
0
0
0
0
0
0
0
0
0
0
20942
0
0
0
0
0
0
0
0
24217
0
0
0
0
0
0
0
0
0
0
0
0
16163
0
0
0
0
0
0
16684
0
13883
0
0
0
0
0
0
0
0
0
0
0
0
0
0
0
0
0
0
0
0
0
0
0
0
0
0
0
0
0
0
0
0
0
0
0
0
0
0
0
0
0
20148
0
0
0
0
0
0
0
0
0
0
12149
0
0
0
0
0
0
28210
0
0
23848
0
0
0
0
0
0
18973
0
0
0
0
0
0
0
0
0
0
36549
0
0
0
0
0
19753
0
0
0
0
21257
0
0
0
0
0
0
0
0
0
0
0
0
0
0
15751
26101
0
0
0
0
21910
21332
1141
0
0
19262
0
0
0
0
0
0
0
0
0
0
0
0
0
0
0
0
0
0
0
0
0
0
0
0
0
0
0
0
12679
0
24747
0
0
0
17376
0
0
0
0
0
0
0
0
0
0
0
0
0
0
0
0
0
0
0
0
0
0
0
0
0
0
0
0
0
0
0
0
0
0
19260
0
0
0
0
0
0
0
0
0
0
0
0
0
0
0
0
0
0
0
0
0
0
0
12506
0
0
0
0
0
0
0
0
0
0
0
0
0
0
0
0
0
0
0
0
0
0
0
0
0
0
0
0
0
0
0
0
0
0
17265
0
0
0
0
0
0
0
0
0
0
0
0
0
30650
0
0
0
0
0
0
12637
0
0
0
0
0
0
0
0
0
0
0
0
30232
0
0
0
0
0
0
0
0
0
0
0
0
0
0
0
0
0
0
0
0
18988
0
0
0
0
0
0
0
0
0
0
0
0
0
0
0
0
0
0
0
0
0
11894
0
0
0
0
28913
0
0
0
26423
0
0
20819
0
0
0
0
0
0
0
0
0
0
0
0
0
0
0
0
0
26120
0
0
0
0
0
0
0
0
0
0
0
0
0
0
0
0
0
0
0
0
26560
0
0
0
0
0
0
0
0
0
0
0
0
0
0
0
35340
0
0
0
0
25994
0
0
0
0
0
22342
0
0
0
0
11571
0
0
0
0
0
0
0
0
0
0
0
0
0
0
0
0
16356
0
0
27498
0
0
0
0
0
0
0
0
5728
0
0
0
0
0
0
23928
0
0
0
0
0
21593
0
0
0
0
0
0
0
0
0
0
0
0
0
0
0
0
0
0
0
0
0
0
22494
0
0
0
0
0
0
0
0
0
0
20423
14361
0
0
0
0
19252
0
0
0
0
0
0
0
0
0
0
0
25169
0
0
0
0
0
0
0
19260
0
0
0
0
0
0
0
18466
0
0
12641
0
0
0
0
0
0
0
0
0
0
0
0
0
0
0
0
0
0
0
0
0
0
0
0
0
0
0
0
0
0
0
0
0
0
0
0
0
0
0
0
0
0
0
0
0
0
0
0
0
0
0
18276
0
0
0
0
0
0
0
0
27013
0
11286
0
0
0
0
0
0
0
0
0
0
0
0
0
0
0
0
9103
0
0
0
0
0
0
0
0
0
0
0
0
0
0
0
0
0
0
0
0
0
0
0
0
0
0
0
0
0
0
0
0
0
0
0
0
0
0
0
0
0
0
0
0
0
0
0
0
0
0
0
0
0
14600
0
0
0
0
0
0
34234
0
0
19340
0
0
0
0
0
0
0
0
0
0
0
0
0
0
0
0
0
0
0
0
16903
0
0
0
0
0
0
0
0
21882
0
0
0
0
0
0
0
0
0
0
0
0
0
0
0
0
0
0
0
0
0
0
0
24081
0
0
0
0
0
33297
0
0
0
0
0
0
0
15105
0
0
11725
28067
0
0
0
0
0
0
0
0
0
0
0
0
0
0
0
0
0
0
0
23267
0
0
0
0
0
0
0
0
29493
0
0
0
0
16184
0
0
20494
0
0
0
24395
0
0
0
0
23997
0
0
0
0
0
0
0
0
0
0
0
0
0
0
0
0
0
0
0
0
0
0
0
0
0
0
0
0
0
0
0
0
0
0
0
27132
0
0
0
0
0
19064
2183
10935
0
20006
0
0
0
0
0
0
0
14656
0
0
0
0
0
29374
0
0
0
0
0
0
0
0
0
0
0
0
0
0
22255
0
22960
0
0
0
0
0
0
0
0
36001
0
19454
0
0
0
0
0
0
0
0
0
0
0
0
0
0
0
0
0
0
0
33467
0
0
0
0
0
0
0
0
0
12223
0
0
0
0
0
0
0
0
0
0
0
0
27133
0
0
0
0
0
0
0
0
20368
0
0
0
0
0
0
0
0
0
0
0
0
0
0
0
0
0
0
0
0
0
0
0
0
10480
20776
0
0
28415
0
0
0
0
0
0
0
0
0
0
19094
0
0
0
0
14442
33535
0
0
0
0
0
29052
0
0
0
0
0
0
18431
0
0
0
0
0
12882
0
0
0
0
0
0
0
0
0
0
0
0
0
0
0
0
0
0
0
0
0
0
0
0
0
0
0
0
0
0
0
0
20156
0
0
0
15394
0
0
0
0
0
0
0
0
0
0
0
0
0
29634
0
0
0
0
0
0
0
0
0
0
0
0
0
0
0
0
0
0
22115
19781
0
0
0
0
0
0
0
0
0
0
0
0
0
0
0
0
0
0
0
0
0
0
0
30557
0
0
0
0
0
0
0
0
18264
0
16778
0
16798
0
0
0
0
0
0
0
0
0
0
0
0
0
18907
0
0
0
17927
0
0
21913
0
0
0
0
0
35970
0
0
0
37003
0
0
0
12235
13501
0
0
0
0
0
0
0
0
0
0
0
0
0
0
21023
0
0
0
0
0
0
0
0
0
0
0
0
0
0
0
0
0
0
0
0
0
0
0
0
0
0
0
0
24722
0
0
0
0
0
0
0
0
0
0
0
0
0
10827
0
0
0
0
0
0
0
0
0
0
0
0
0
0
0
0
20244
0
0
0
0
0
0
0
0
0
0
0
0
0
0
0
0
0
0
0
0
0
0
0
0
0
0
0
0
0
0
0
0
0
0
0
9400
0
0
0
0
0
0
32928
0
19066
0
0
0
0
0
0
0
0
0
0
39166
0
0
0
0
0
24390
0
0
0
0
0
0
0
0
0
0
11013
13204
0
0
0
0
0
0
0
0
17802
0
0
0
20122
0
0
0
0
0
0
13838
0
7293
0
0
0
0
0
0
0
0
0
0
0
15231
0
0
0
0
0
0
0
0
0
0
0
0
0
0
0
0
0
0
0
0
0
0
0
0
0
0
0
0
0
0
0
0
0
0
0
0
13830
0
24381
0
0
30027
0
0
0
0
0
0
27511
0
0
0
0
0
18408
0
0
0
0
0
0
0
0
0
0
0
0
18422
0
0
0
0
0
0
0
0
0
0
0
0
0
0
0
0
0
0
0
0
0
0
0
0
0
0
0
0
0
0
0
0
0
0
0
0
0
0
0
34303
0
0
0
13995
0
0
0
0
0
0
0
0
16568
16839
22774
0
0
0
21729
0
0
0
0
0
0
0
0
0
0
0
0
0
18039
10691
0
20035
0
0
0
0
0
0
0
0
0
0
0
0
0
0
0
0
0
0
0
0
17915
0
0
0
0
0
0
0
0
0
0
0
0
0
4677
0
0
0
0
25132
0
0
0
19577
0
0
0
0
0
0
0
0
0
17321
0
0
0
0
0
0
0
0
0
0
0
0
0
0
0
0
0
0
0
0
0
0
0
0
0
0
0
0
0
11499
0
0
0
0
0
0
0
0
0
18916
0
0
0
0
0
0
0
0
0
0
0
0
0
0
12380
0
0
0
0
0
0
0
0
0
0
0
0
0
0
0
0
0
17288
0
0
0
0
0
0
0
17604
0
0
0
0
0
35683
0
0
0
0
0
0
0
0
0
0
0
0
0
0
0
20022
0
0
0
0
0
0
0
0
0
0
0
25521
0
0
0
0
0
0
0
0
0
0
0
0
0
0
0
0
0
0
0
0
0
24140
0
0
0
20142
0
0
0
0
29813
0
0
0
0
0
0
32617
0
0
0
0
0
0
0
0
0
0
0
0
0
0
0
0
0
0
0
0
0
0
15088
0
0
0
0
0
26968
0
0
0
0
0
23544
17061
0
0
0
28950
0
0
0
0
0
0
34255
0
0
0
0
0
0
0
0
0
0
0
0
0
0
0
24492
0
0
0
0
0
0
0
0
0
0
0
0
14475
0
24667
0
0
0
0
0
0
0
0
0
0
0
0
0
0
0
0
0
0
0
0
0
0
0
0
0
27283
0
0
0
0
0
0
0
0
0
0
0
20372
30636
29615
0
0
0
26972
0
0
0
17906
0
0
0
0
0
0
0
0
0
0
0
0
0
0
0
0
0
0
21967
0
10889
0
0
0
0
0
0
0
0
0
0
0
18587
0
0
0
0
0
0
0
0
0
0
0
0
0
0
16825
0
0
0
0
0
0
0
34936
0
0
0
0
13071
0
0
0
0
34761
0
0
0
0
0
0
0
0
0
0
0
0
0
0
0
0
0
0
0
0
0
0
0
0
0
0
0
0
0
0
0
0
0
11640
0
0
0
0
0
0
0
0
0
0
0
0
0
0
0
0
0
0
0
0
0
0
0
0
0
0
0
0
0
0
9344
0
0
0
0
0
0
25934
0
0
0
0
0
0
0
0
0
0
0
28240
0
0
0
0
0
0
0
12216
0
0
0
0
0
0
0
34450
0
0
0
0
0
0
0
0
0
15732
0
0
0
0
0
0
0
0
0
19713
0
23106
0
0
0
0
0
0
0
0
0
0
0
0
0
0
0
26679
0
0
0
0
0
0
0
37464
0
0
0
0
0
0
0
0
0
27672
0
0
0
0
0
0
0
0
0
0
0
0
0
0
0
0
0
13011
0
0
0
0
16806
0
0
0
0
0
0
0
0
0
0
24025
0
0
29301
0
0
0
0
14189
0
0
0
0
0
0
0
0
0
15813
13226
0
0
20814
0
0
0
0
0
0
0
0
0
0
0
0
0
0
0
0
0
0
0
0
0
0
0
0
0
0
0
0
0
0
0
0
0
0
0
0
0
0
16685
0
0
0
0
0
0
0
0
0
0
0
0
0
0
0
23257
0
0
0
0
0
0
18357
0
0
0
0
0
0
0
0
0
0
0
0
0
0
0
21841
0
0
0
0
0
0
0
0
0
0
0
0
0
0
0
20908
0
29469
0
0
0
0
0
0
0
0
18040
0
0
0
0
31437
0
0
23386
0
0
0
0
0
0
0
0
0
0
0
0
0
0
0
0
0
0
0
0
0
0
0
0
0
0
0
0
0
0
0
0
0
0
0
0
0
0
0
0
0
0
0
0
0
0
0
0
0
0
0
0
0
0
0
0
23767
0
0
0
0
31974
0
0
0
0
0
0
0
0
0
0
0
0
0
0
0
0
0
21621
0
26609
0
0
0
10038
0
0
0
0
0
0
21050
0
0
0
0
0
0
0
0
20816
0
0
0
0
0
0
0
0
0
23381
0
0
24870
0
0
0
0
0
0
0
0
0
34950
0
0
0
23259
0
0
0
0
0
0
0
0
0
0
0
0
0
0
0
0
0
0
0
0
0
0
28043
0
0
24380
0
0
0
0
0
0
0
0
0
0
0
0
0
0
0
0
0
0
0
0
0
0
0
0
0
0
0
0
0
0
0
0
0
0
0
0
18751
0
0
0
0
0
0
0
0
0
0
0
0
0
0
0
0
0
20505
0
0
0
23137
0
0
0
0
0
0
0
0
0
0
10849
0
0
0
0
0
0
0
0
0
0
0
0
0
21674
0
0
0
0
0
0
0
0
0
0
0
0
0
0
0
0
0
0
0
0
0
0
0
0
0
0
0
0
0
0
0
0
0
0
0
0
0
0
0
24385
0
0
0
0
0
0
12705
0
0
13482
0
0
0
0
34186
0
0
0
27917
22184
0
0
0
0
0
22126
0
0
0
0
0
0
0
0
0
0
0
0
0
0
0
0
0
0
0
0
0
0
29897
0
0
0
0
0
0
0
0
0
0
0
0
0
0
0
20119
0
0
18607
0
0
0
23437
0
0
0
10198
0
0
0
0
0
0
0
0
0
0
16032
0
12837
0
0
0
0
0
0
21084
0
0
0
0
0
0
0
0
10189
0
0
0
0
0
0
0
0
10574
16946
0
0
0
0
0
0
28132
0
0
0
0
0
0
0
20187
0
0
0
10042
9398
0
15142
0
0
0
0
0
0
0
0
0
0
0
0
0
0
0
29724
0
0
0
0
0
0
0
0
0
0
0
0
0
0
0
0
0
0
13570
0
0
0
0
12192
0
0
0
0
16420
0
0
0
0
0
0
0
0
24803
0
13922
0
0
0
0
0
0
21384
0
0
0
0
0
0
0
0
0
0
0
0
0
0
0
0
0
0
0
0
0
0
0
0
0
0
0
0
0
0
0
0
0
0
0
0
0
0
0
0
0
0
0
0
0
8970
0
0
0
0
0
0
0
0
0
0
0
0
0
0
0
0
0
0
0
0
0
0
0
0
0
13039
0
0
0
0
0
0
0
0
0
37009
0
0
0
0
0
0
0
0
0
0
0
0
0
0
0
0
0
0
0
0
0
0
0
0
0
0
0
0
0
0
0
0
0
0
30466
0
0
23572
0
0
0
0
32391
12865
0
0
0
0
0
0
0
0
0
0
0
0
0
0
0
0
19093
0
0
0
0
0
0
0
0
0
0
10220
0
0
0
0
0
0
0
0
0
0
0
0
0
0
0
17557
0
0
0
0
0
0
18867
0
9890
0
0
0
0
17174
0
0
18521
0
0
0
0
0
0
0
0
32820
0
0
0
15428
0
0
0
0
0
0
0
0
0
0
0
0
0
0
0
0
0
0
0
0
0
0
0
0
18590
0
16612
0
24774
0
0
0
12088
0
0
0
0
0
0
0
17833
0
0
0
0
0
0
26808
0
0
0
0
20094
0
0
0
0
0
0
0
0
0
0
15745
0
0
0
6986
0
0
23890
0
0
0
0
0
0
0
0
0
0
0
0
0
0
0
0
0
0
0
0
0
0
0
0
0
0
0
0
0
8940
0
0
0
0
0
0
0
0
0
0
0
0
0
12870
0
0
0
0
0
0
0
0
0
0
0
0
0
0
0
0
0
0
0
0
0
23110
0
0
0
25142
0
0
0
23324
0
13781
0
18194
0
0
0
0
0
0
0
0
0
0
0
0
0
0
0
0
0
0
0
0
28946
23300
0
0
0
0
13130
0
0
0
0
0
0
0
0
0
0
0
0
0
0
0
0
37150
0
0
0
0
0
0
0
0
0
0
0
0
0
0
0
0
0
0
0
0
10525
0
0
0
0
0
0
0
0
27363
0
0
0
0
0
0
26691
0
0
0
0
0
0
0
0
0
0
0
0
0
0
12733
0
0
0
0
0
0
0
0
0
0
0
0
0
0
0
15019
0
0
0
0
0
0
0
0
0
0
0
0
0
0
0
0
0
0
0
0
0
0
0
8860
0
0
0
0
0
0
0
22011
0
0
0
0
0
0
0
0
0
0
0
19150
0
0
21991
0
0
0
0
26543
0
0
0
0
0
0
29081
0
4712
0
0
0
20481
0
0
0
0
0
0
0
19214
0
0
0
0
0
0
0
0
0
0
0
0
0
0
0
0
0
0
35176
0
0
0
0
0
0
13237
0
0
0
0
0
22429
0
0
0
0
0
0
0
0
0
0
0
0
0
0
0
0
0
0
24692
0
0
0
0
21883
0
0
0
0
0
0
0
0
0
0
0
22998
0
0
0
0
0
0
0
23637
33516
0
0
0
0
0
0
0
0
0
14404
9971
0
0
0
0
0
0
0
0
0
19745
0
0
0
0
0
0
0
0
0
0
0
0
0
0
0
0
0
0
0
0
0
0
0
0
0
0
0
0
0
0
0
0
0
24675
0
0
27008
0
0
0
0
0
0
0
0
20573
0
0
0
0
0
0
10441
0
0
0
0
18276
0
0
0
0
0
0
0
0
0
0
20905
0
0
0
0
0
0
0
0
0
0
0
20815
0
0
0
0
0
0
16360
0
13186
0
0
0
0
0
0
0
0
0
0
0
0
0
0
0
0
0
0
0
0
0
0
0
17856
0
0
0
0
0
0
0
0
0
0
0
0
0
0
0
18842
12969
0
0
0
0
0
0
0
0
0
0
0
0
0
0
0
26884
18902
0
0
0
0
0
0
0
0
0
0
0
13046
0
0
0
0
0
0
0
0
0
0
0
0
0
0
0
0
0
0
0
0
0
0
0
0
0
0
0
0
0
0
0
0
0
0
0
0
0
0
18188
0
0
0
0
0
0
0
0
0
0
0
0
0
0
0
0
0
0
0
0
0
0
0
0
0
0
0
0
0
36465
0
0
0
0
0
0
16577
0
10497
0
0
0
0
27755
0
0
0
0
0
16276
0
0
0
0
0
0
0
32594
0
0
0
0
0
0
0
0
0
0
0
17867
0
0
0
0
0
0
0
0
0
0
0
0
0
0
0
0
0
0
0
0
0
0
0
0
0
0
0
0
0
0
0
0
0
20179
0
0
0
0
0
0
0
0
0
0
0
0
0
0
0
0
0
0
0
12666
26092
0
0
0
0
0
0
0
0
0
0
0
0
0
0
0
0
0
0
0
0
0
34755
0
0
0
0
0
0
0
0
35765
0
0
0
0
0
11603
0
0
0
0
28871
0
0
0
0
0
0
0
0
0
0
0
0
0
0
0
0
0
0
0
0
0
0
0
27466
0
0
21225
0
0
0
0
0
0
0
0
0
0
0
8830
0
0
0
0
0
0
20107
0
0
0
0
0
0
0
0
0
0
0
0
0
0
0
0
0
0
0
0
0
0
0
0
23163
0
0
0
0
0
0
0
20878
0
0
0
0
0
27126
24932
0
16656
0
0
0
0
0
0
0
0
0
0
0
0
0
0
0
0
6107
11330
0
0
0
0
0
0
0
0
0
0
0
0
0
0
0
22199
0
0
0
0
0
0
0
0
0
0
0
0
0
13946
0
0
0
0
0
0
0
19359
0
0
0
0
0
0
0
0
0
0
0
0
0
0
0
0
0
0
0
0
26587
0
0
0
0
0
0
0
0
0
0
0
0
0
0
0
0
0
0
0
0
0
0
0
0
0
0
0
0
15261
0
19220
0
0
0
0
0
8977
20698
19568
0
0
0
0
11215
0
0
0
0
0
0
0
0
0
0
0
33916
0
0
0
0
0
19114
0
0
0
0
0
25028
10145
0
0
0
0
0
0
0
0
0
0
0
0
0
0
0
0
0
0
0
0
0
0
10202
0
0
0
0
0
0
0
0
0
0
0
0
0
21322
0
0
0
0
0
13918
0
22703
0
0
0
0
19014
0
0
0
0
0
0
0
0
0
0
0
0
23798
0
0
0
0
0
0
0
0
0
0
19858
14169
0
0
0
0
0
16869
18185
0
0
0
0
0
0
0
0
0
0
0
0
0
0
0
16249
0
0
0
0
20226
0
0
0
0
0
0
0
0
0
19575
0
0
0
0
0
0
0
0
0
0
0
0
0
0
0
0
0
0
0
0
0
0
0
19906
0
0
0
0
0
0
0
0
0
0
0
0
0
0
0
0
29457
29040
0
0
0
0
0
0
20978
21758
0
13792
0
0
0
0
0
0
0
0
0
0
0
20555
0
0
0
0
0
0
0
1145
0
0
0
0
0
0
0
0
0
12366
0
0
0
0
0
0
30759
16634
0
0
0
0
0
0
0
32334
0
0
0
0
0
0
0
0
0
0
0
0
0
0
0
0
0
0
0
0
0
0
0
0
0
0
0
10110
0
0
0
0
0
20673
0
0
0
0
0
0
0
0
0
0
0
14068
0
0
0
0
0
0
0
0
0
0
0
20508
0
0
0
0
0
0
0
0
7558
0
0
0
0
0
0
0
0
0
0
0
0
0
0
0
0
35103
0
0
0
22497
0
0
0
0
0
0
0
17093
0
0
0
12995
0
0
0
18311
0
0
0
0
0
0
0
0
0
0
0
0
0
14098
0
0
0
0
0
0
0
0
0
11840
0
0
0
0
0
0
0
0
0
0
0
0
0
0
0
0
0
0
0
0
0
0
0
0
0
0
0
0
0
0
0
0
0
24889
0
0
0
0
0
0
0
0
0
0
0
0
0
0
0
0
0
0
12350
0
0
0
0
0
9451
0
0
0
0
0
0
0
0
0
0
0
0
0
0
0
0
0
0
0
0
0
0
0
0
0
0
0
0
0
0
0
0
0
0
0
0
0
0
0
0
0
0
0
0
0
0
0
0
0
0
0
0
0
0
0
0
0
0
0
0
0
0
0
0
21148
0
0
0
0
0
17156
0
0
0
0
0
0
0
0
15447
0
0
0
0
0
0
0
0
0
0
0
0
0
0
0
0
0
0
0
0
0
0
0
0
0
0
30260
0
0
18263
0
0
0
0
0
0
18465
0
0
0
0
0
0
0
0
0
0
0
0
0
0
0
0
0
0
0
0
0
0
0
24460
0
0
0
15615
0
0
0
0
0
0
0
0
0
0
24814
0
0
0
0
0
0
0
0
0
0
0
0
0
0
0
0
0
0
0
0
0
0
0
0
0
0
0
0
0
0
20380
0
0
0
0
0
0
0
0
0
0
0
0
0
0
0
0
0
0
0
0
0
0
0
0
0
0
0
0
0
0
22392
0
0
0
0
0
0
0
0
0
17949
0
0
0
0
0
0
0
32565
0
0
0
0
9153
0
0
0
0
0
0
0
0
0
0
0
11998
0
0
0
21477
0
0
0
0
30567
0
0
0
0
0
0
0
0
0
0
0
0
0
0
0
0
0
0
0
0
0
0
0
15360
0
0
14622
0
0
0
0
0
0
0
16712
0
0
31990
0
0
11164
21867
0
0
0
21615
0
18788
16910
0
0
0
0
0
0
0
0
0
0
0
0
11229
0
0
0
0
0
0
0
0
0
0
0
0
0
0
0
0
0
0
0
0
13917
0
0
0
0
0
0
0
0
0
0
0
0
0
0
0
0
0
29193
0
0
0
0
0
0
0
0
0
0
0
0
0
0
0
0
0
0
27363
0
0
0
0
0
0
0
0
0
0
0
11046
0
0
0
0
0
0
31479
0
0
0
0
0
0
0
0
0
0
0
0
0
0
0
0
0
0
0
0
0
0
0
0
0
0
0
23976
0
13147
0
0
0
0
0
0
0
0
18328
0
0
0
0
0
0
0
0
0
0
0
10924
0
0
0
0
0
0
0
11142
0
0
0
0
0
0
0
0
0
0
0
0
0
0
0
0
0
0
0
0
0
0
0
0
0
0
0
0
0
0
0
0
0
0
0
0
0
0
0
0
0
0
0
0
0
0
18408
0
0
0
0
0
0
0
0
0
0
0
28288
0
0
0
0
0
0
0
0
0
0
14979
0
0
0
0
0
0
0
0
0
0
0
0
17577
0
0
0
0
0
0
8045
18041
0
0
0
0
0
0
0
0
0
0
0
0
0
0
0
0
0
0
0
0
22927
0
0
0
0
0
0
0
0
0
21778
0
0
0
0
0
0
19069
20831
0
0
0
0
0
0
0
0
0
0
0
0
0
0
0
0
0
0
0
0
0
0
0
0
0
0
0
0
0
34659
16083
0
0
0
10085
0
0
20489
0
0
0
0
32032
0
0
0
0
0
0
0
0
0
0
0
27436
0
0
0
0
0
0
0
0
0
0
0
0
0
0
0
0
0
0
0
0
0
0
0
0
0
0
0
0
0
0
0
0
0
0
0
0
0
0
0
16812
0
0
0
0
0
0
0
0
0
0
0
0
0
15239
0
0
0
0
0
0
0
0
0
0
0
0
0
0
0
0
0
0
0
0
0
0
0
18237
0
0
0
0
21222
0
0
0
0
0
0
0
0
0
0
0
0
0
0
0
0
0
0
0
0
0
0
0
13564
0
0
0
0
0
0
0
0
0
0
0
0
0
0
23480
0
0
0
0
0
0
0
0
0
0
26542
0
0
0
0
0
0
20298
0
0
0
0
0
0
0
0
0
0
0
0
0
0
0
0
0
0
0
0
0
0
0
0
0
0
31493
0
0
0
0
0
36164
0
0
0
0
0
0
0
0
0
0
0
0
0
22342
0
0
0
0
0
0
21194
0
0
0
0
0
0
0
0
0
0
0
0
0
0
0
0
0
0
0
0
0
23163
0
0
0
0
0
0
0
0
0
0
0
33265
0
0
0
0
0
0
0
0
0
0
0
0
0
0
0
0
0
0
0
0
0
0
0
0
0
0
0
0
0
0
0
0
0
0
0
0
0
0
0
0
31572
26465
0
24655
0
0
0
0
0
0
0
0
0
0
0
0
0
0
0
0
21417
0
0
0
0
25388
0
0
0
0
0
0
0
0
0
0
0
0
0
0
0
0
0
0
0
0
0
0
0
0
0
0
0
0
0
0
0
0
0
0
0
0
0
0
0
0
0
0
0
0
0
0
0
0
0
0
0
18412
0
0
0
0
0
0
0
0
0
0
0
0
0
0
0
0
0
0
0
0
0
0
0
0
0
21559
0
34683
27947
10795
0
0
25672
0
0
0
0
0
0
0
0
0
0
0
0
0
0
0
0
0
0
0
0
8507
0
0
0
0
0
19640
26302
0
0
0
0
0
0
31316
0
0
0
0
0
0
0
0
0
0
0
0
0
0
0
0
0
0
0
0
0
0
0
0
0
0
9602
0
0
0
0
8735
0
0
0
0
0
20284
0
0
0
0
0
0
0
0
0
0
0
0
0
0
0
0
0
17900
0
0
0
0
0
0
0
0
0
0
0
0
0
0
0
0
0
0
0
17714
28485
0
0
0
0
0
0
0
0
0
0
0
0
0
0
0
0
0
0
0
0
0
0
0
0
0
0
0
11086
0
0
0
21049
0
0
0
0
0
0
0
0
0
0
0
0
0
0
0
0
0
0
0
0
0
0
0
0
0
0
32404
0
0
0
0
0
0
32503
0
0
0
0
0
0
18308
0
0
0
0
0
0
0
0
0
0
0
0
0
0
0
0
0
11865
0
0
0
0
0
0
0
0
0
0
0
0
0
0
0
0
0
0
0
17533
0
0
0
0
14412
0
0
0
0
0
0
0
0
0
0
0
16572
0
0
0
0
0
0
0
0
0
0
0
0
18006
0
0
0
0
0
10824
0
11690
18729
0
0
0
0
0
0
0
0
0
24496
0
0
0
0
0
0
0
28428
0
0
0
0
0
12911
0
0
0
0
29890
0
0
0
0
0
17218
0
0
16159
17172
0
0
0
0
0
0
0
0
0
0
0
0
0
0
0
0
0
0
0
0
0
0
18994
0
0
18916
0
0
0
22938
0
0
0
0
0
0
0
0
27783
14252
0
0
0
0
0
0
0
0
0
0
0
0
0
0
0
28811
12015
0
0
0
0
0
21902
0
0
0
0
0
0
19571
0
0
0
0
0
0
0
0
0
0
0
0
0
0
0
0
0
0
0
0
0
0
0
0
0
0
0
0
0
0
0
0
0
33975
0
16136
0
0
0
0
0
0
0
0
0
0
0
0
0
0
0
28132
0
0
0
0
0
0
0
0
0
0
0
0
0
0
22061
0
0
0
38716
0
6725
0
15730
0
19875
0
0
0
0
0
0
0
0
0
0
0
0
0
0
0
0
0
0
0
0
0
0
0
0
0
0
0
0
0
0
0
0
0
0
0
0
0
0
0
0
0
0
0
0
0
0
0
0
18479
0
0
0
0
0
0
0
0
31464
0
0
0
0
0
0
0
0
0
0
0
0
0
0
0
15046
21074
0
0
19670
0
0
0
0
0
0
0
0
0
0
0
0
0
0
0
0
0
0
0
13517
0
0
0
0
0
23264
0
0
0
0
0
0
0
0
0
0
0
0
0
13025
0
0
15007
0
0
0
0
0
0
0
0
0
0
0
0
0
0
0
0
26866
0
0
0
0
0
0
0
0
0
0
0
0
0
0
0
0
0
0
0
0
0
0
0
0
23534
0
0
0
19881
0
0
0
0
0
28204
0
0
0
0
0
21981
0
0
0
0
0
0
0
0
0
0
0
0
0
18402
0
0
0
0
0
0
0
0
0
0
0
0
0
20892
0
0
0
0
0
0
0
0
0
0
0
0
16592
0
0
0
0
35122
0
0
0
0
0
0
0
0
0
0
0
0
0
0
0
0
0
0
0
0
0
0
0
0
0
0
0
0
0
0
19837
0
0
0
0
0
0
0
0
0
0
0
27560
0
0
9166
0
0
0
0
0
0
0
0
0
0
0
0
0
0
0
0
0
0
0
0
0
0
0
0
0
0
0
0
0
0
0
0
0
0
0
0
0
0
0
0
0
0
10133
0
0
0
0
0
0
0
0
0
0
0
17267
0
25634
0
0
0
0
0
0
0
0
0
17000
0
0
0
0
0
0
0
14240
0
0
0
0
0
0
0
0
0
0
20456
0
0
0
0
0
0
0
0
0
0
0
0
0
0
26718
0
0
0
0
0
13953
0
0
0
0
1498
15978
0
0
0
0
0
0
0
0
0
0
0
0
0
0
0
0
0
0
0
0
0
0
0
0
0
0
0
0
0
19421
0
0
19926
0
0
0
0
0
0
0
0
0
0
37897
0
0
0
0
0
0
0
0
0
0
0
0
0
17815
0
0
0
0
0
0
0
0
0
0
0
0
10818
0
0
30846
0
0
0
0
0
0
0
0
0
0
0
0
0
0
0
0
0
0
29771
0
24929
0
0
0
0
0
0
0
0
0
0
0
0
0
0
0
0
0
0
0
0
10749
0
0
0
0
0
0
32043
0
0
0
0
0
0
0
18249
0
0
0
0
0
0
0
0
0
0
0
18982
0
14178
0
0
15204
0
0
0
0
0
0
0
0
12091
20211
0
0
0
0
0
0
35080
0
0
0
0
0
29741
0
16536
0
0
0
0
0
0
0
0
0
0
0
17809
0
0
0
27795
0
0
0
0
0
0
0
0
0
0
35144
0
0
0
9978
0
0
0
0
0
0
0
0
0
0
0
0
0
0
0
0
0
0
0
0
0
0
20186
0
0
0
0
0
0
0
0
0
0
0
0
0
0
0
0
0
0
0
0
0
0
0
0
0
0
27097
0
0
0
0
0
0
0
0
0
0
0
0
0
2989
0
0
0
0
0
0
0
0
0
0
0
0
0
0
0
0
0
0
0
0
0
0
0
0
0
0
0
0
0
24967
0
0
0
0
0
0
0
0
0
0
0
0
0
0
0
0
18163
0
0
0
0
0
6183
0
0
0
0
0
0
0
0
0
0
0
0
0
0
0
0
0
0
0
22800
0
0
11299
0
20759
0
0
0
0
0
0
10056
0
0
0
0
0
0
0
0
0
0
0
0
0
0
0
0
13619
0
0
0
0
0
0
0
0
0
0
0
0
0
0
0
0
0
0
0
0
0
0
0
0
0
0
0
0
0
0
0
0
0
0
0
0
17052
0
23259
0
0
0
0
0
0
0
0
0
0
0
0
0
0
0
0
0
0
0
0
0
24332
0
0
0
0
0
0
0
0
0
0
0
0
0
0
0
0
0
0
0
0
0
0
0
0
0
0
0
0
0
0
0
0
0
0
0
0
0
0
0
0
0
0
0
0
0
0
0
0
0
0
0
0
0
0
0
0
0
0
0
0
0
0
11454
0
0
0
0
0
0
0
0
0
0
0
0
36049
0
0
0
0
0
0
0
0
0
0
0
34095
0
0
0
0
0
0
0
0
0
0
0
0
0
0
31569
0
0
0
0
0
0
0
21370
0
0
0
0
0
0
0
20372
0
15623
0
33243
0
11855
0
0
1112
0
0
0
0
0
0
0
0
0
0
0
0
0
0
27513
0
0
0
0
0
0
0
0
0
0
0
0
0
0
0
0
0
0
0
0
0
0
0
0
0
0
0
0
22328
0
0
0
0
0
0
0
0
24298
0
0
0
0
0
0
25408
0
0
0
0
0
0
0
0
0
0
0
0
0
0
0
0
0
0
0
0
0
0
0
0
17999
0
0
0
0
0
0
28258
0
0
0
0
0
0
0
0
0
0
0
0
0
0
0
19834
0
20068
0
0
0
0
0
0
0
0
0
0
0
0
0
0
0
0
0
0
10819
0
0
0
0
0
0
0
0
0
0
0
0
0
28755
0
0
29377
0
0
0
11753
0
0
0
25795
0
28659
0
0
0
0
0
0
0
0
0
0
0
0
14161
0
0
0
0
0
0
0
18413
0
0
0
0
0
0
0
0
0
0
0
0
0
0
0
9149
0
0
0
0
0
0
0
0
0
0
0
0
0
0
0
0
0
0
0
0
0
0
0
28297
0
0
0
0
0
0
0
0
0
0
0
0
0
0
0
0
0
0
0
0
0
0
0
18355
0
0
0
18833
0
0
0
21374
0
0
0
13642
0
0
0
22342
0
0
0
0
0
0
0
0
0
0
19807
0
0
0
0
0
0
0
0
0
0
0
0
12904
0
0
0
0
0
0
0
0
0
0
0
0
0
0
0
0
0
0
0
0
0
0
0
0
0
9223
0
0
0
0
0
0
0
0
14533
0
0
0
0
0
0
0
0
0
0
0
0
18986
0
0
0
0
12415
0
0
0
9836
0
0
0
0
0
0
0
0
0
0
0
0
0
0
0
18910
23252
0
0
0
0
0
0
0
0
0
0
0
0
0
0
0
0
0
0
0
0
0
12642
0
0
0
0
0
0
0
0
0
0
0
0
0
0
0
0
0
0
29158
0
8456
0
0
0
0
0
31718
0
0
0
0
0
0
0
0
0
0
0
0
0
0
27800
0
0
0
0
0
0
0
0
0
0
0
0
0
0
0
0
0
0
0
0
0
0
0
0
0
0
0
0
0
24485
0
0
0
0
0
0
0
0
29442
0
0
0
0
0
0
0
0
0
0
0
0
0
10688
0
0
0
0
0
20418
33335
0
0
0
0
0
0
0
0
0
0
22125
0
0
0
0
0
0
0
0
0
0
0
0
0
25992
0
0
0
0
0
0
0
0
0
0
0
0
0
0
0
0
0
0
0
0
32122
0
0
0
0
0
0
0
0
0
0
0
0
0
0
0
0
0
0
21031
0
0
0
0
0
11426
0
24165
0
0
0
16787
0
0
0
0
0
0
0
0
0
0
0
0
0
0
0
0
27484
0
0
0
0
0
0
0
0
0
0
0
0
0
0
0
0
0
0
0
16120
0
13248
29642
0
0
0
0
0
0
16018
0
0
0
0
0
0
0
0
0
23233
0
0
0
0
0
0
0
0
0
0
0
0
0
0
0
0
0
0
0
17755
0
0
0
0
0
26022
0
0
0
0
0
0
0
11532
0
0
28832
0
0
0
29965
0
0
0
0
0
0
0
0
0
0
17906
0
0
0
0
0
0
17114
0
0
0
0
0
0
0
0
0
0
0
0
0
0
0
27054
32358
0
23961
0
0
0
0
0
0
0
0
0
0
0
0
0
0
0
0
22885
0
0
0
0
24191
0
0
0
22034
0
0
0
0
0
0
0
0
0
0
0
0
0
18401
0
0
0
8529
21705
0
0
0
0
0
0
0
0
0
0
0
0
0
0
0
0
0
0
25097
0
0
18926
0
0
0
0
0
0
0
0
0
0
0
0
0
27901
0
0
0
0
0
0
0
0
0
0
0
0
11881
0
25232
0
0
0
0
0
0
0
0
0
0
0
0
0
0
0
0
0
0
0
0
0
0
0
0
0
0
0
17897
0
0
0
0
0
0
0
0
0
0
0
0
0
0
0
0
0
0
0
0
0
0
0
0
27399
0
0
0
0
0
0
0
0
0
0
0
0
0
0
0
0
29209
0
31116
0
0
0
0
0
0
0
0
30868
0
0
0
0
0
0
0
0
0
0
0
0
0
0
0
0
14540
0
0
0
0
0
0
0
0
18097
0
0
0
0
0
0
0
0
0
0
0
17035
0
0
0
0
0
0
0
0
24390
0
0
0
0
0
0
0
0
0
0
0
9614
0
0
0
0
0
0
0
0
0
18410
0
0
22806
0
0
19480
0
0
0
0
0
0
0
0
0
0
0
0
0
0
0
0
1044
0
0
0
0
0
0
0
0
0
0
0
0
0
0
19415
0
0
0
0
0
9906
0
0
0
0
0
0
0
0
0
0
21242
0
0
0
0
0
0
0
0
0
0
18311
0
0
0
0
0
0
0
0
0
0
0
7828
30747
0
0
0
0
0
0
0
0
0
0
0
0
18623
0
0
0
0
0
0
0
0
0
0
0
0
0
0
0
0
33488
0
0
0
0
0
0
0
0
0
0
0
19292
22897
0
20528
21166
0
0
0
0
0
0
0
0
0
0
0
0
0
0
23008
0
0
0
0
18738
0
17448
0
10371
0
0
0
0
0
0
0
0
0
0
0
0
0
0
0
0
0
0
0
0
0
0
0
0
0
0
0
0
0
0
0
0
0
0
0
0
12171
0
0
0
0
0
0
0
0
0
0
0
0
0
0
0
0
0
0
0
0
0
0
0
0
0
0
0
0
0
0
0
0
0
0
0
0
0
0
0
0
0
20073
0
12725
0
0
21187
0
0
0
0
0
0
0
0
0
0
0
11474
0
0
0
0
0
0
0
0
0
0
0
0
0
0
25007
0
0
0
0
0
0
0
0
0
0
0
0
0
0
0
1424
0
0
0
0
0
0
0
0
0
0
0
0
0
0
0
0
0
0
0
0
0
0
0
0
27654
0
0
0
0
0
0
0
0
0
0
0
0
0
0
0
0
29090
0
0
0
19913
0
0
0
0
0
0
0
0
0
0
0
0
0
0
0
0
0
0
0
0
0
0
0
0
0
0
0
0
0
0
0
0
0
0
0
0
0
0
0
0
0
0
0
0
0
0
0
0
0
0
0
0
0
0
0
0
0
0
0
0
0
0
0
0
0
0
0
0
0
20658
0
0
16907
0
0
0
0
23473
26947
0
0
0
0
0
0
0
0
6862
0
0
0
0
17883
0
0
0
0
0
0
0
0
0
0
0
30762
0
0
0
0
0
0
15370
0
0
0
0
0
0
0
0
0
0
0
0
0
0
0
0
0
0
0
0
0
0
0
0
0
0
0
29384
0
0
0
0
0
0
0
0
0
13375
0
0
0
0
0
0
0
0
0
0
0
0
0
0
0
0
0
0
0
0
0
0
0
0
0
0
25581
0
0
0
0
0
0
0
0
0
0
0
0
0
0
0
0
0
0
0
0
0
0
8301
0
0
0
21940
0
0
33390
0
0
0
0
0
0
0
0
0
0
0
0
0
0
0
0
0
0
0
0
0
0
0
0
0
0
0
0
0
16375
0
0
0
30526
0
0
0
0
0
0
0
0
0
0
0
0
0
0
0
0
0
0
29352
0
0
0
0
0
0
0
14635
0
0
27286
0
0
0
0
0
0
0
0
0
25408
0
0
0
0
0
0
0
0
0
0
0
0
0
0
0
0
0
0
0
0
0
21515
0
0
0
0
0
0
0
0
0
0
17886
0
18753
0
0
0
0
0
0
0
0
0
0
0
0
0
0
0
0
0
0
0
0
0
0
12698
0
0
0
0
0
0
0
22083
0
0
0
0
0
0
0
0
16473
0
0
0
0
0
0
0
0
0
0
0
0
0
0
0
0
0
9688
0
0
0
0
29440
0
0
0
0
0
0
0
0
0
0
0
0
0
0
0
0
0
0
0
0
0
19180
0
0
0
0
0
0
0
0
0
0
0
0
0
0
0
28214
0
0
0
0
0
0
0
0
0
0
0
0
0
0
18497
0
0
0
0
0
0
0
0
0
0
0
10896
0
0
0
0
0
0
0
0
0
0
0
0
16270
0
0
0
0
0
0
0
0
0
0
0
0
0
0
0
0
0
0
0
0
0
0
0
0
0
24666
0
0
0
0
0
0
0
0
0
0
0
0
0
0
0
0
0
0
0
18559
0
0
0
0
26875
0
0
0
0
0
0
0
0
0
0
0
0
0
0
0
0
0
0
0
0
0
20812
0
0
0
0
0
0
0
0
28214
0
0
0
0
0
0
0
0
22011
0
14471
0
0
0
0
0
0
0
0
0
0
0
0
0
15077
18156
0
22976
0
0
0
0
0
36111
0
23808
0
0
0
0
0
0
0
0
0
0
0
0
0
0
0
21981
0
0
0
0
0
0
0
0
0
0
0
0
0
0
0
0
0
0
17701
0
0
0
0
0
0
0
0
0
0
0
0
0
0
0
0
0
0
0
0
0
0
0
0
0
0
0
0
0
0
0
0
0
0
0
36871
0
0
0
0
0
0
0
0
16148
0
0
0
0
0
0
0
0
0
0
0
0
0
0
10207
0
0
0
0
0
17375
0
28033
0
0
0
0
20586
27741
0
0
0
0
0
0
0
0
0
0
18912
0
0
0
0
8872
0
0
0
20953
0
0
20028
0
0
0
0
0
0
0
0
0
0
0
0
0
0
0
0
0
0
0
0
0
0
0
0
21801
10811
0
0
0
0
0
0
0
0
0
0
0
0
0
0
0
0
0
0
19138
0
0
0
0
0
0
0
0
0
0
0
0
0
0
0
0
0
0
0
0
0
0
0
0
0
0
0
0
0
19771
0
0
0
9877
0
0
0
0
0
0
0
0
0
0
0
20556
0
0
0
0
0
0
0
23399
0
0
0
0
0
17660
0
0
0
12676
0
0
0
0
0
0
0
0
0
0
21160
0
0
0
0
0
36014
0
0
24441
0
0
0
0
0
0
0
20737
0
0
0
13078
0
0
0
18105
0
0
0
0
0
0
0
0
18302
0
0
0
9482
0
0
0
29034
0
0
0
0
36857
0
0
0
0
0
0
0
0
0
0
17705
0
0
0
0
0
0
0
0
0
0
0
0
0
0
0
26180
0
0
0
0
0
0
0
0
0
0
0
0
0
0
0
0
0
0
0
0
0
0
0
0
0
0
0
0
0
0
0
0
0
0
0
0
0
0
0
0
0
0
0
0
0
0
0
0
0
0
0
17664
0
0
0
0
0
0
0
0
0
0
0
0
0
10456
0
0
0
0
0
0
0
0
0
0
13126
0
0
0
0
0
0
19294
0
0
0
0
0
2474
12502
0
0
0
0
11050
0
0
0
0
11263
0
0
0
0
0
0
0
30342
0
11620
0
0
0
0
0
0
0
0
0
0
0
0
0
0
0
0
0
0
0
0
19293
0
0
0
0
0
0
0
0
0
0
0
15051
0
0
0
0
0
0
0
0
0
0
0
0
0
0
0
0
0
0
0
30949
0
0
0
0
0
0
0
0
0
0
0
0
0
0
0
0
0
0
0
0
0
0
0
0
0
0
0
0
0
0
0
0
0
0
0
0
0
0
0
0
33025
0
0
0
0
0
0
0
0
0
0
0
0
0
0
0
0
26353
0
0
18692
0
0
0
0
0
0
0
0
17426
0
0
0
15125
0
0
0
0
0
0
0
0
0
0
0
0
0
0
0
0
0
10166
0
0
0
0
0
0
0
0
0
0
0
0
0
0
0
0
0
0
0
19541
0
0
0
0
0
0
0
0
0
0
36433
23265
9060
0
0
12663
0
26225
0
0
0
0
0
0
0
0
0
0
0
0
0
0
0
0
0
0
0
19359
0
0
0
0
0
0
0
0
0
0
0
0
0
14273
0
0
0
0
0
0
0
0
0
0
0
0
0
0
0
0
0
0
0
0
0
0
0
0
0
0
0
0
0
18439
0
0
0
0
0
0
0
0
0
0
0
0
0
0
0
0
0
16918
0
0
0
0
0
0
0
0
0
35470
0
0
0
0
0
0
0
0
0
0
0
0
0
0
0
0
0
0
0
13715
0
0
0
21680
0
0
0
0
0
0
0
10645
0
0
0
0
0
0
21137
0
31116
0
0
0
0
0
0
0
0
0
0
0
0
0
14412
0
0
0
0
13149
0
0
0
0
0
0
0
0
0
0
0
0
0
0
0
0
0
0
0
0
21162
0
0
0
0
0
0
0
0
0
20080
0
0
0
0
0
0
0
0
23432
0
0
0
0
0
0
0
9664
18160
0
0
0
33841
0
0
0
0
0
0
0
0
0
0
0
0
0
0
0
0
0
0
0
0
0
0
0
0
0
0
0
0
0
0
0
0
0
0
0
0
0
0
0
0
12540
0
0
0
0
0
0
0
0
0
0
0
0
18320
0
0
0
32584
0
0
0
0
0
0
0
0
0
0
0
0
0
0
28545
0
0
0
0
0
0
0
0
0
0
0
0
0
0
0
0
0
0
0
0
0
0
0
17439
0
0
0
0
0
0
0
0
0
0
0
0
0
0
0
0
0
27505
0
0
0
0
0
0
0
0
0
0
0
0
0
0
0
0
0
0
0
0
0
0
0
0
0
0
0
16474
0
0
0
0
0
0
0
0
0
0
0
0
0
13008
0
0
0
0
0
0
23470
0
0
0
0
0
0
0
0
0
29709
0
18984
0
0
0
0
0
0
0
0
0
0
38296
0
0
0
0
0
0
0
0
0
24781
0
0
0
0
16767
0
0
0
0
0
0
0
0
0
13225
23407
0
0
0
0
0
0
0
0
0
0
0
18130
0
0
0
20209
0
0
0
14399
0
0
0
0
0
0
0
0
0
0
0
0
0
0
0
0
0
0
0
0
0
0
0
24570
0
0
23347
0
0
0
0
24420
0
0
0
0
0
0
0
0
0
0
0
0
0
0
0
0
0
24816
0
0
28256
0
0
0
27565
0
0
0
0
0
0
0
0
0
0
0
0
0
0
0
0
0
0
0
0
0
0
0
0
0
0
0
0
0
0
15967
0
0
0
0
0
0
22962
0
0
11891
0
0
0
0
0
0
25891
0
0
0
0
0
0
0
0
0
0
0
0
0
0
0
0
0
0
0
0
0
0
0
0
0
0
0
0
0
0
0
0
0
0
0
0
0
0
0
0
0
0
0
0
0
22772
33658
0
0
0
0
0
31597
0
0
0
14240
0
0
0
0
0
24910
0
0
0
0
0
0
0
0
0
14197
0
0
0
0
0
0
0
0
0
0
0
0
0
0
0
0
0
0
0
0
0
0
0
14610
0
0
15252
0
0
0
34985
0
0
0
0
0
0
0
0
0
0
0
0
20497
0
0
0
0
0
0
0
0
0
0
19986
0
0
0
0
0
0
0
0
0
0
0
0
0
0
0
0
13046
0
0
0
0
0
0
0
0
33066
0
0
0
7991
0
18473
0
0
0
0
0
0
0
0
0
0
0
0
17491
0
0
0
0
0
0
0
0
0
0
0
0
0
0
0
0
0
0
0
0
0
0
0
0
0
0
0
0
0
0
0
0
0
0
0
0
0
0
0
0
0
0
0
0
23293
0
0
0
0
5772
0
0
18625
0
0
0
12852
0
0
0
0
0
0
0
0
0
0
0
0
21584
0
0
16492
27229
0
0
0
0
0
0
0
0
0
0
0
0
0
0
0
0
0
24858
0
0
0
0
0
0
0
0
0
0
0
0
0
0
0
0
0
0
0
0
0
0
0
25165
0
0
0
0
0
0
0
0
0
0
0
0
0
31504
0
0
0
20812
0
0
0
0
0
0
0
0
0
0
0
0
0
0
26114
0
0
0
0
0
0
0
0
0
0
0
0
0
19505
0
0
0
0
0
0
0
0
0
15758
0
0
0
0
0
13188
0
0
18392
0
0
0
0
0
0
0
0
0
0
0
0
0
0
0
0
0
0
0
0
0
0
0
0
0
8918
0
0
0
0
0
0
0
8974
0
0
0
0
0
0
0
0
0
0
0
0
0
0
0
29999
0
0
0
0
0
0
0
0
0
0
0
0
0
0
0
0
0
0
0
0
0
0
0
0
0
0
0
0
0
0
0
0
0
0
0
0
0
0
0
18581
0
0
0
0
0
0
0
0
0
0
0
0
0
0
0
0
21417
0
0
0
0
0
0
0
0
0
0
0
0
0
0
0
0
0
0
17379
0
0
0
0
0
0
0
0
0
0
0
0
0
0
0
0
0
0
0
0
0
0
0
32193
16352
33770
0
0
0
0
0
0
0
0
0
0
0
0
0
0
0
0
0
0
0
0
0
0
0
0
0
0
0
0
0
0
0
0
0
0
0
0
0
0
0
20490
0
0
0
0
0
0
0
0
0
0
0
0
0
0
0
0
0
0
0
0
8951
0
0
0
0
0
0
0
0
0
0
0
0
0
0
0
0
0
0
0
0
20156
14027
0
0
0
0
0
0
0
0
19930
0
0
0
0
0
0
0
16371
0
0
0
27163
0
0
0
0
0
0
0
15690
0
0
18654
0
0
18085
0
0
0
0
0
0
0
17493
0
0
0
0
0
0
0
0
0
0
0
0
0
0
0
0
0
0
15890
0
0
0
0
0
0
0
19050
0
0
0
0
0
0
0
0
0
0
0
0
0
0
0
0
0
0
0
0
0
0
0
0
0
0
8924
0
31838
0
0
0
0
0
0
0
0
0
0
12273
0
0
0
0
0
0
0
13674
0
0
0
16972
0
0
0
0
0
0
0
0
0
0
0
0
0
0
0
0
0
0
0
0
22166
10034
0
0
0
0
0
0
0
0
0
0
0
0
0
32177
0
0
0
0
0
0
21095
0
0
0
0
0
0
0
0
0
0
0
10471
0
0
0
0
0
0
11823
0
0
0
0
0
0
0
16486
0
0
0
0
0
0
0
0
0
0
0
0
0
0
0
0
0
0
0
7985
0
0
0
0
0
0
0
0
0
0
0
0
0
0
23135
0
0
0
0
0
0
0
0
0
0
0
0
0
0
0
0
0
17521
0
0
0
0
0
0
0
19807
0
0
0
18689
0
0
0
0
0
0
0
0
0
0
0
0
0
0
0
0
0
0
0
0
0
0
0
0
0
0
0
0
0
0
0
0
18934
0
0
0
18969
17872
0
0
0
0
0
0
0
0
0
0
17516
0
0
0
32667
0
0
0
0
0
0
0
0
0
0
0
0
0
0
0
0
13246
22721
0
0
0
0
0
0
0
0
0
0
0
0
0
0
0
0
0
0
0
0
0
0
0
21883
0
0
0
19056
0
0
0
0
32147
0
0
0
0
0
0
0
0
0
0
0
0
0
39446
0
0
0
0
0
0
0
0
0
0
0
0
0
0
0
0
17741
0
0
0
12269
0
0
0
0
0
0
0
0
0
0
0
27430
0
0
0
0
0
0
0
0
0
0
0
15318
0
0
0
0
0
0
0
0
0
0
0
0
0
0
0
0
0
19897
0
0
0
0
0
0
0
0
0
0
0
0
8818
0
0
0
0
0
0
0
0
0
0
0
0
0
0
0
0
0
0
0
0
0
0
0
0
0
0
0
0
0
0
0
0
0
0
0
0
0
0
0
0
0
0
0
0
0
0
0
19109
0
0
0
0
0
0
0
0
0
0
0
0
0
0
0
0
0
0
14859
0
0
18881
0
33998
0
0
0
0
0
0
0
0
0
0
0
0
0
0
0
0
0
0
0
0
0
0
0
0
0
0
0
0
0
0
0
31818
0
0
0
0
0
0
0
0
0
0
0
0
0
0
0
0
0
0
0
0
0
0
0
0
0
16377
17265
0
0
0
0
0
0
0
0
0
0
0
0
0
0
0
0
0
0
0
0
22142
0
0
0
0
0
0
0
0
0
19324
0
0
21651
0
0
0
0
0
0
15273
0
0
0
0
0
10090
0
0
0
0
0
0
0
0
0
0
0
0
0
0
0
22580
0
0
0
0
0
0
0
0
10715
0
0
0
0
0
0
0
16524
0
0
0
0
0
0
0
0
0
17709
0
0
0
0
0
0
0
0
0
0
22421
0
0
0
0
0
0
0
0
0
0
0
0
0
0
0
0
0
0
0
0
8935
0
17764
26793
0
29239
0
0
0
26253
0
0
0
13575
0
0
0
0
0
0
0
0
0
0
0
0
0
15519
0
0
32927
0
0
0
0
0
0
0
0
0
0
0
0
0
0
2266
0
0
0
0
0
0
19062
0
0
0
0
0
0
0
0
21967
0
0
0
0
0
0
0
0
0
0
0
0
0
13801
0
30581
0
18681
0
0
0
0
0
0
0
0
0
0
0
0
0
38897
0
0
0
32411
0
0
0
0
0
22826
0
0
0
0
0
0
0
0
0
0
0
0
0
0
0
0
0
0
0
0
0
0
0
0
0
0
0
0
20855
0
0
0
0
0
0
0
12291
0
0
0
0
0
0
0
21431
0
0
0
0
0
0
0
0
27625
0
0
0
0
14043
0
0
0
0
0
0
0
24949
0
0
0
0
0
0
0
0
0
0
20047
0
11896
0
0
0
0
0
0
0
0
0
0
0
0
0
0
0
0
0
0
0
0
0
0
0
0
0
0
0
0
0
21736
0
0
0
0
0
11886
0
0
0
0
0
0
0
0
0
0
0
18188
0
0
27118
0
0
0
0
0
0
0
0
0
0
0
0
0
25063
0
0
0
0
0
0
0
18349
0
0
0
0
0
0
0
0
20942
0
0
0
0
0
0
0
0
0
0
0
0
0
0
0
0
0
0
0
0
0
0
0
0
0
0
0
0
33657
0
0
0
0
0
0
0
0
0
0
0
0
0
0
0
0
0
0
0
0
0
0
0
0
0
0
0
0
0
0
0
0
0
0
0
0
0
13248
0
0
25116
0
0
0
0
0
0
0
20091
0
0
0
0
0
0
0
0
0
0
0
0
0
0
0
0
0
0
0
0
0
0
0
0
0
0
12318
0
0
0
0
0
0
0
0
0
0
0
0
0
0
0
0
0
24807
0
0
0
0
0
0
0
0
0
0
0
0
0
0
0
0
0
13981
0
0
0
0
0
0
0
0
0
0
0
0
0
0
0
0
21878
0
0
0
0
0
24538
0
0
0
0
0
0
0
0
0
0
0
0
0
0
0
0
13077
0
0
0
0
0
0
0
0
0
0
0
0
0
0
0
0
0
0
0
0
0
0
0
0
0
0
0
16262
0
0
0
0
0
0
0
0
0
0
0
0
0
0
29871
0
31552
0
0
0
24196
0
0
0
0
0
0
0
0
0
0
0
0
0
0
0
0
0
0
0
0
0
0
0
0
0
0
0
9661
0
0
0
0
0
0
0
0
0
0
0
0
0
0
0
0
0
0
0
0
0
0
0
0
0
0
0
22321
37811
0
0
0
0
0
0
0
0
0
0
0
0
0
20136
0
0
0
0
0
0
0
0
0
0
0
0
0
0
0
0
0
0
0
27131
0
0
0
0
0
0
0
21298
0
34387
0
0
0
0
0
15093
0
0
0
0
0
0
0
0
0
0
0
0
0
0
9750
10884
12268
0
0
0
0
0
0
0
0
0
0
0
0
0
0
17936
0
0
0
0
0
0
0
0
0
0
17825
0
0
0
0
0
0
0
0
0
0
0
0
0
0
0
0
0
0
0
0
0
0
0
0
0
0
0
0
10064
0
0
0
0
0
0
0
0
0
0
0
0
0
0
0
0
0
0
0
0
0
0
21452
0
0
0
0
0
0
0
0
0
0
0
0
0
0
9281
0
0
0
0
0
18365
0
35733
0
0
0
18308
0
0
0
0
0
0
0
0
0
0
0
0
0
0
0
0
0
0
0
16643
0
0
0
0
0
19455
0
0
21753
0
0
0
0
0
0
9651
0
0
0
16575
0
0
0
0
0
0
0
19003
0
0
0
0
0
0
0
0
0
0
0
0
0
0
0
0
0
0
0
0
0
0
0
0
0
0
0
0
0
0
0
0
0
0
0
0
8408
0
0
0
0
0
0
0
0
0
0
0
0
17589
0
0
0
0
0
0
0
0
21156
0
0
0
0
0
0
0
0
0
0
0
0
0
0
0
0
0
0
0
0
8611
0
7247
0
0
0
0
36531
0
0
0
0
0
0
0
0
0
0
0
0
0
0
0
0
6679
0
0
0
0
0
18669
0
15034
0
0
0
30830
0
0
0
0
0
20251
0
0
0
0
0
0
20725
0
0
0
0
0
0
0
0
0
0
0
0
0
8862
0
0
0
0
0
0
0
0
17350
25922
0
0
0
0
0
0
0
0
0
0
0
0
0
0
0
0
0
23182
0
0
0
20652
0
0
0
0
0
0
0
0
0
0
27568
0
0
0
0
0
0
0
0
0
0
0
32164
0
0
0
19661
0
0
0
0
0
0
0
0
0
0
0
0
0
0
24214
0
32995
29300
0
18823
0
0
0
0
9506
9778
0
0
0
0
0
0
0
0
0
0
0
0
0
20115
0
0
0
0
0
0
0
18070
0
0
13042
0
0
0
0
0
0
0
0
0
31239
0
0
0
25541
0
0
0
9902
0
0
0
0
36066
0
0
0
0
0
0
12272
0
0
26586
0
0
0
20833
0
0
0
0
0
0
0
0
0
4968
0
0
0
0
0
16688
0
0
0
0
0
13314
0
21299
0
0
0
0
0
11835
0
0
25357
0
0
0
0
0
0
0
0
0
0
0
0
0
0
0
18984
0
0
10598
0
0
0
0
0
0
0
0
0
0
0
0
15097
0
0
0
9708
0
0
0
0
0
0
0
16077
0
0
18218
0
0
0
0
0
0
0
0
0
0
0
0
0
0
0
0
0
0
0
0
17149
20164
0
0
0
0
0
0
0
0
0
0
0
0
0
0
0
0
0
0
0
20078
0
0
0
7257
0
0
0
0
0
0
0
0
0
0
0
0
0
0
0
0
0
0
0
8903
0
0
0
0
20595
0
0
0
0
0
0
0
20388
0
0
0
0
0
0
0
0
0
0
0
0
0
0
0
0
23538
0
0
0
26735
0
0
0
0
0
0
0
0
0
0
0
0
0
0
0
21609
0
0
0
0
0
27242
0
0
0
0
0
33306
0
0
24240
0
0
0
0
0
0
0
0
0
0
0
22110
24901
0
0
0
0
0
14731
0
0
0
0
0
0
0
0
0
0
0
0
0
0
0
0
0
0
0
0
0
0
0
0
0
0
0
0
0
0
0
0
0
0
20844
31485
0
0
0
0
0
0
0
0
19216
0
0
0
0
0
0
0
0
0
0
0
0
0
0
0
0
0
0
0
0
0
0
0
0
0
0
0
17101
0
0
0
0
20710
0
0
0
0
0
0
0
0
0
0
0
0
14081
0
0
0
0
0
0
0
0
0
12064
0
0
0
0
0
17092
0
0
0
0
0
0
0
0
0
0
0
0
0
9336
0
16611
0
0
0
0
0
0
0
0
0
0
0
0
0
0
0
0
0
0
0
0
0
0
0
0
0
0
0
25207
0
0
0
0
0
4453
0
0
0
0
0
0
0
0
0
0
0
0
0
0
0
0
0
0
0
0
0
0
0
0
0
0
0
0
0
0
0
0
0
0
0
0
0
0
0
0
0
0
0
0
0
17861
0
0
0
0
0
0
0
0
0
0
34654
0
0
0
0
0
0
0
0
0
0
0
0
0
0
0
0
0
0
0
0
0
0
0
0
0
0
0
0
0
0
0
0
0
0
0
0
0
0
0
0
0
0
33096
0
0
0
28401
0
0
0
0
0
0
0
0
0
0
0
0
0
26906
0
0
0
0
0
0
0
0
0
0
0
0
0
0
0
0
0
0
0
0
0
0
0
30909
0
0
0
0
20892
0
0
0
18886
0
0
0
0
0
0
0
0
0
0
0
0
27426
0
0
0
0
0
0
0
0
0
0
0
0
0
0
0
0
0
0
0
0
0
17480
0
0
0
0
29686
0
0
0
0
0
0
0
21836
0
0
11231
0
0
28793
0
0
18851
0
0
0
0
0
34418
0
21581
0
17672
0
0
0
18992
0
0
0
0
0
0
0
0
0
0
0
0
0
0
0
0
0
0
0
0
0
0
0
0
0
0
0
0
0
34722
0
0
0
0
0
0
0
0
0
0
0
0
0
0
0
0
0
0
0
0
0
0
0
0
0
31303
0
0
0
0
0
0
0
0
0
0
0
0
0
0
0
0
0
0
0
0
0
0
0
0
0
0
0
23447
0
0
0
0
19916
0
0
0
1012
0
0
0
0
0
0
26171
0
0
30082
0
0
0
0
0
0
0
0
0
0
0
0
0
0
0
0
0
0
0
0
0
0
0
23366
0
0
0
0
0
0
0
0
1128
0
0
0
0
0
0
0
0
0
0
0
0
0
0
0
0
0
0
10361
0
0
0
0
0
0
0
0
0
0
31216
0
0
0
0
0
0
0
0
0
0
0
0
0
0
0
0
0
0
0
0
12927
14968
0
0
0
0
0
26417
0
0
0
0
0
0
0
0
24091
0
0
0
0
0
0
14319
0
0
0
0
0
0
0
0
0
0
0
0
0
0
0
20040
0
0
0
0
0
22920
0
25801
0
0
32225
18272
17400
0
0
0
0
0
0
0
0
0
0
20387
0
0
0
0
0
0
0
0
0
0
19878
0
0
0
0
0
0
0
0
0
0
0
0
0
0
0
0
0
0
17305
0
25775
0
0
0
0
0
0
0
0
0
0
0
0
0
0
0
0
0
0
0
0
0
0
0
0
0
0
0
0
23419
0
0
13313
0
21197
0
0
0
0
0
0
0
0
25849
0
0
0
0
0
0
0
0
0
0
0
0
0
0
0
0
0
0
0
0
0
0
0
0
0
0
0
0
0
0
23042
0
0
0
0
0
0
0
0
0
0
0
0
0
0
0
0
25414
0
0
0
0
0
0
0
0
0
0
0
17611
19405
21652
0
0
0
0
0
0
0
0
0
0
0
0
0
0
0
0
0
0
25021
0
0
0
0
0
0
0
0
0
0
0
0
0
0
0
0
0
0
0
0
0
0
0
0
0
0
0
0
0
0
0
0
11338
0
0
0
0
0
0
0
0
0
0
0
0
0
0
0
0
0
0
0
0
0
0
0
0
28225
0
0
0
0
0
0
0
0
0
0
0
0
0
0
0
0
0
0
0
0
0
0
0
0
0
0
0
0
0
0
0
0
0
0
0
0
0
0
0
0
33985
0
0
0
0
0
0
0
0
0
0
0
0
0
0
0
0
0
0
0
0
0
0
0
0
0
0
0
0
0
25196
0
0
0
11387
0
0
0
0
0
0
0
0
0
0
0
0
0
0
0
0
0
0
0
0
0
0
0
0
0
0
0
0
0
0
0
0
0
0
0
0
0
0
0
0
0
0
0
0
0
0
0
0
0
0
0
0
0
0
0
0
0
0
0
0
0
0
0
0
0
0
0
0
0
0
0
0
11736
32655
8695
0
0
0
0
0
0
0
0
35842
0
16705
0
15250
19090
0
0
0
0
30521
0
0
0
0
0
0
0
0
0
0
0
0
0
0
0
19665
0
0
0
17433
0
0
0
0
0
0
0
0
0
0
0
0
18578
0
0
0
0
0
0
0
0
0
0
0
22856
0
0
0
0
0
0
0
0
0
0
30743
0
0
0
0
0
0
0
0
0
0
0
0
0
0
0
0
22471
0
11802
0
0
25596
0
0
0
0
0
0
0
0
0
8028
0
31208
26254
0
0
0
0
0
0
0
0
0
0
0
0
0
0
0
0
0
0
0
0
0
0
0
0
0
0
11454
0
0
0
0
0
0
23827
0
0
0
0
0
0
0
0
0
0
0
0
0
0
0
0
0
14872
0
0
0
0
0
0
0
0
0
0
0
0
0
0
0
0
0
0
0
0
0
0
0
0
20994
0
0
0
0
0
0
0
0
0
17934
0
0
0
0
0
0
0
20474
0
0
0
0
0
0
0
0
0
0
0
0
0
0
0
0
0
0
0
0
23158
0
0
0
0
0
0
0
0
0
0
0
0
19492
0
0
0
0
0
0
25463
0
0
0
0
0
0
0
0
0
0
0
0
0
0
0
0
0
0
30060
0
0
0
0
0
0
19096
0
24524
0
0
0
0
12151
0
0
19872
0
0
0
0
0
0
0
0
0
0
0
14146
0
0
0
0
0
0
0
0
0
0
0
0
0
0
20556
0
0
0
0
0
0
36215
0
0
0
0
0
21457
0
0
0
0
0
0
37183
0
0
0
0
0
23984
0
0
24143
0
0
0
0
0
0
37073
0
0
26010
0
0
0
18832
0
0
0
0
0
0
0
0
0
0
0
9870
0
0
0
0
0
0
0
0
0
0
0
0
0
0
0
0
12561
0
0
0
0
0
0
0
0
0
0
0
0
0
0
0
0
0
0
0
0
0
0
16770
0
0
0
0
0
0
0
0
0
0
0
0
0
0
0
0
0
0
0
0
0
0
0
0
0
0
0
0
0
0
0
0
0
0
0
0
0
0
0
0
0
0
0
0
0
0
0
0
0
0
0
0
0
0
0
0
0
0
0
0
0
0
0
0
0
0
0
0
0
0
0
0
0
0
0
0
0
0
0
0
0
0
0
0
18074
20514
24832
0
0
0
20783
0
0
0
28809
0
0
0
0
0
0
0
0
0
0
0
0
0
0
0
0
26981
0
0
0
0
0
0
0
0
0
0
0
0
0
0
0
0
0
0
0
0
0
0
0
13639
0
25718
0
0
0
19192
0
0
22064
0
0
0
0
0
0
0
0
0
0
0
0
0
0
0
0
0
15507
21650
0
0
0
0
0
0
0
0
0
0
0
0
0
0
0
0
0
0
0
0
0
0
0
0
0
0
0
0
0
0
0
0
0
0
0
0
0
0
0
0
0
21993
0
0
0
0
0
0
0
0
0
27471
11761
0
0
0
0
0
0
0
0
0
0
0
0
0
0
0
0
0
0
0
11610
0
30846
0
0
0
0
0
0
13266
0
0
0
0
0
0
0
0
0
0
0
0
0
18467
0
0
0
0
0
0
0
0
0
0
0
0
0
0
0
0
0
0
7899
0
0
0
0
0
0
26582
0
0
0
0
0
0
31545
0
0
0
0
21517
0
0
0
0
0
0
0
20603
0
0
27623
0
0
0
0
0
0
0
0
24668
0
0
0
0
0
0
0
0
0
0
0
0
0
23640
0
0
21422
18550
0
0
0
0
0
19887
0
0
0
0
26848
0
0
29805
0
0
0
0
0
0
0
0
0
0
0
0
20948
0
0
0
0
0
0
16415
0
0
0
0
0
0
0
0
0
0
0
0
0
0
0
0
0
0
0
16122
0
0
0
0
0
0
8515
0
23211
0
0
0
0
0
0
8453
0
0
0
0
37354
0
0
0
25002
0
0
0
0
0
0
0
0
0
0
0
0
0
0
0
0
0
0
0
0
0
0
0
0
0
0
9300
0
0
0
0
0
0
0
0
19378
11531
0
0
0
0
0
0
34713
0
0
0
0
0
0
0
0
0
0
0
0
0
0
0
0
13331
0
0
0
21600
0
0
0
32763
0
0
29008
0
0
0
0
0
0
0
0
0
0
0
0
0
0
0
0
0
0
0
23922
0
0
0
0
1114
0
0
0
0
0
0
0
0
0
0
0
0
0
24707
0
0
0
0
0
0
0
0
0
0
0
0
0
0
23351
0
0
0
0
0
0
0
0
0
0
0
0
0
0
0
0
0
0
0
0
0
0
0
0
0
0
0
0
0
0
0
0
0
0
0
19771
0
0
0
0
0
0
0
0
0
0
0
0
0
0
0
0
21039
19660
0
0
0
0
0
0
0
14789
0
0
0
0
0
0
0
0
0
0
0
0
0
0
23988
0
0
0
0
0
0
0
0
0
0
0
0
0
0
0
0
0
0
0
26388
0
0
0
0
0
0
0
0
0
0
0
0
0
0
0
0
0
0
0
0
0
0
19148
0
0
0
0
0
0
0
0
0
0
0
0
0
0
0
0
0
0
0
0
0
0
14595
25443
0
11338
0
0
0
0
0
0
0
0
0
0
0
0
0
0
0
0
14221
0
0
0
0
0
0
0
0
0
0
0
0
0
0
0
0
0
0
0
0
0
0
0
12897
0
0
0
27873
0
0
0
0
0
0
0
0
0
0
0
0
0
0
15021
0
0
0
0
0
0
0
0
0
0
0
0
0
0
0
12252
0
0
0
0
0
24907
0
0
0
0
0
0
26319
0
0
0
0
0
0
0
0
0
0
0
0
0
32343
0
0
0
0
0
0
0
0
34519
0
0
0
0
0
0
0
0
0
0
0
0
11457
0
0
0
0
22811
0
0
0
0
0
0
0
0
0
0
0
15483
0
0
0
0
0
0
29474
0
0
0
0
0
0
0
0
0
0
0
0
0
0
0
0
0
0
0
0
0
0
0
21352
0
0
0
0
0
0
0
0
0
0
0
0
0
0
0
0
0
0
0
0
25053
0
0
0
0
0
0
0
0
0
0
23528
0
0
0
0
0
0
0
0
0
0
0
22767
0
0
0
0
0
0
0
0
0
0
0
0
0
0
0
0
0
0
0
0
0
0
0
11249
0
0
0
0
0
0
0
0
0
0
0
0
0
0
0
0
0
0
0
0
0
17339
0
0
0
0
0
0
0
0
0
0
0
0
0
0
11299
0
0
0
0
0
0
0
0
0
0
0
0
0
0
0
0
9669
21721
0
0
0
16670
22446
17138
0
0
0
0
0
0
0
0
0
0
0
0
0
19702
0
0
12696
0
0
0
0
0
0
0
0
0
0
0
1804
0
0
0
0
0
0
0
0
0
0
0
0
0
0
0
0
0
0
0
0
0
0
0
0
0
0
0
0
0
0
0
0
17596
0
10242
0
0
0
0
0
0
0
0
0
0
0
0
0
13066
0
0
0
0
0
0
0
0
0
0
16959
0
0
0
0
0
0
0
0
0
0
0
0
0
0
0
0
0
0
0
0
34706
0
0
0
0
0
0
0
0
0
0
0
0
0
12833
0
0
0
0
0
0
0
0
0
0
0
9320
0
0
0
0
0
0
0
0
0
0
0
0
0
0
0
0
0
0
0
0
0
0
0
0
0
0
0
0
0
0
0
0
0
0
17243
0
0
0
0
0
0
0
0
0
0
0
0
0
0
0
0
0
18490
0
0
0
0
28533
0
0
0
0
22376
0
0
0
0
0
0
0
0
0
0
0
0
0
20676
0
0
0
8760
0
0
0
21512
0
0
0
0
0
15400
15594
0
0
0
0
0
0
0
17861
0
0
0
0
0
17756
0
0
0
14690
0
0
0
0
0
0
0
0
0
0
0
0
0
0
0
0
0
23334
0
0
0
0
0
0
0
0
0
0
0
0
0
0
14906
0
0
0
0
0
0
0
0
0
0
0
0
0
0
0
0
0
0
0
0
0
0
0
0
0
0
0
0
0
0
0
0
0
0
0
0
0
0
0
0
0
0
0
0
0
0
0
12764
0
0
0
0
10701
0
0
0
0
0
0
0
21870
0
0
0
0
0
0
0
0
17480
0
0
0
0
0
0
0
0
0
0
0
0
0
0
0
0
0
0
0
22593
5835
0
0
0
0
0
0
0
0
19707
0
0
0
0
0
0
0
0
0
0
0
0
0
0
0
0
0
14828
0
0
0
0
0
20924
0
0
0
20269
0
0
0
26171
0
0
0
0
0
0
0
0
0
0
0
0
0
0
30093
0
0
0
0
30724
0
0
0
0
0
0
0
0
25819
0
7911
0
0
21086
7590
0
0
0
26115
0
0
0
0
0
0
1348
0
0
0
0
0
0
0
22538
0
0
0
0
0
34382
0
0
0
18031
0
25530
0
16834
0
0
0
0
0
0
0
0
0
0
0
0
13428
0
0
21055
0
0
0
0
0
0
0
0
0
0
0
0
0
0
0
0
0
0
0
0
31911
0
0
0
0
0
0
0
0
0
0
0
0
0
0
0
0
0
0
0
13990
0
0
0
0
0
0
9164
0
0
0
0
0
0
17190
0
0
0
0
0
0
0
0
0
28050
0
0
16699
0
0
0
0
0
0
0
0
0
0
0
0
0
0
0
0
0
0
0
0
0
0
17690
0
0
10714
0
0
0
0
19778
0
0
17691
0
0
0
0
0
0
0
0
24440
0
0
0
0
0
0
0
0
0
0
0
0
0
18624
0
0
0
0
20864
0
0
0
0
0
20018
0
0
10338
0
0
0
0
0
0
0
0
0
0
0
0
18940
0
0
0
0
0
0
0
0
20079
0
0
0
0
0
0
0
0
0
18012
0
0
12712
0
0
0
0
0
0
0
10972
0
0
0
0
12192
18487
0
0
0
0
0
0
0
0
0
0
0
0
0
0
11864
0
0
0
0
0
0
0
0
0
0
0
34645
0
0
0
0
0
0
35890
0
0
0
25284
0
0
0
0
0
0
0
0
0
0
0
0
0
0
0
0
0
0
0
0
0
23512
0
0
0
9489
0
0
0
0
0
0
0
0
0
0
0
26056
18887
0
18752
0
0
0
0
0
0
0
0
0
0
0
0
0
0
0
0
0
0
0
0
0
0
0
0
0
0
0
0
0
0
0
0
0
0
0
0
0
0
0
0
0
0
0
0
0
0
0
0
0
0
0
0
0
0
0
0
0
0
0
0
0
0
0
0
0
0
0
0
0
0
20577
0
0
0
0
0
0
11982
0
0
0
0
0
0
0
0
23328
0
0
0
0
0
0
0
0
0
10795
0
19426
0
23671
0
0
0
0
0
0
0
0
0
15794
0
0
0
0
0
0
0
0
0
0
0
0
0
0
0
0
11600
0
0
0
0
0
0
0
0
0
0
11957
0
0
0
0
0
0
0
0
0
0
0
23290
0
0
0
0
0
0
0
0
0
28522
15291
0
0
0
0
0
20357
0
0
0
0
0
0
0
0
0
0
0
0
0
0
0
0
0
0
0
0
0
0
0
0
0
0
0
21211
0
0
0
0
0
0
0
0
0
0
0
0
0
0
0
0
0
0
0
0
0
0
0
0
0
0
0
0
0
0
0
0
0
0
0
0
0
0
0
0
0
0
0
9112
0
0
0
0
0
0
0
0
0
0
0
0
0
0
24301
0
0
0
0
0
0
0
0
0
0
0
0
0
0
0
0
0
34828
0
0
0
0
0
18508
0
0
0
0
0
0
0
0
0
0
0
0
0
0
0
0
0
0
0
0
0
0
0
0
0
18600
0
0
0
0
0
0
18424
0
0
0
0
0
0
14845
0
0
18896
0
0
0
0
0
0
0
0
0
18019
14585
0
0
0
0
0
0
0
0
0
0
0
0
0
0
0
0
20704
0
0
0
0
0
0
0
0
0
0
0
0
0
0
0
0
0
0
0
0
0
0
0
0
0
0
0
0
0
0
0
0
0
0
0
18371
0
0
0
0
0
0
0
1391
0
0
0
0
0
0
0
0
0
0
0
0
0
0
0
0
0
0
0
0
0
0
0
0
0
28140
0
0
19301
0
0
0
0
0
0
0
0
0
0
16437
21576
0
0
0
0
0
0
0
0
0
0
0
0
0
0
0
0
23962
0
0
0
0
0
0
0
0
0
0
0
0
8890
0
0
0
0
0
0
0
0
0
0
12963
0
0
0
0
0
0
0
0
0
0
0
0
0
0
18317
27993
22112
0
0
0
0
0
0
0
0
0
0
0
0
0
0
0
0
0
0
0
29668
0
0
0
0
0
0
0
0
0
24514
0
0
0
0
0
0
0
0
0
0
0
0
0
0
0
12584
0
0
0
0
0
0
0
0
0
0
0
0
0
21390
0
0
0
10775
0
24844
0
0
29474
0
0
16818
0
0
18399
0
0
26566
0
0
0
0
23442
0
0
0
0
0
16729
0
0
0
0
0
0
0
0
0
25602
0
0
0
0
0
0
0
0
0
0
0
0
0
0
0
4278
0
0
0
0
0
0
0
0
0
0
0
0
17259
0
0
0
0
0
0
0
0
0
0
0
33065
0
0
0
0
0
0
27761
0
0
0
0
0
0
0
36209
0
0
0
0
0
0
21660
0
0
0
0
0
0
0
19774
0
0
0
0
0
0
0
0
0
0
0
0
0
0
0
0
0
0
0
0
0
0
0
0
0
0
0
0
0
0
0
0
0
0
0
0
0
0
0
0
0
0
0
0
0
0
0
0
0
20262
0
0
0
0
0
0
0
0
24192
0
14174
0
0
0
0
0
0
0
0
22988
0
0
0
0
0
0
0
0
0
0
0
0
19063
0
0
0
0
0
0
0
0
0
0
0
0
0
0
0
0
0
0
0
0
0
0
0
0
0
0
23772
0
0
0
0
0
0
0
0
0
0
0
0
0
0
0
0
15778
0
0
0
0
0
0
0
0
0
0
0
0
24425
0
0
0
0
11960
0
0
0
0
0
0
0
0
0
0
0
0
0
0
0
0
16743
0
0
0
0
0
0
0
0
0
0
0
0
0
0
0
0
0
0
0
0
0
0
0
0
0
0
18353
0
31566
0
0
2568
21947
0
0
0
0
0
0
0
0
0
0
0
0
0
0
8866
25394
0
0
0
0
0
0
0
0
0
0
0
0
0
0
0
0
0
20664
13451
0
0
0
0
0
0
0
0
0
0
0
0
0
0
0
0
0
0
0
0
0
0
0
0
0
0
0
0
0
0
0
0
0
0
0
0
0
0
13762
0
0
0
0
19031
0
10189
0
0
0
0
0
0
0
0
0
0
0
0
0
0
0
0
0
0
0
0
10920
0
25023
0
0
0
0
0
0
0
0
0
0
0
0
0
0
0
0
0
0
0
0
0
0
0
0
0
0
0
18178
0
0
0
0
0
0
0
0
0
0
0
12315
0
0
0
0
14746
0
0
0
0
0
0
0
0
0
0
0
0
0
0
0
0
8807
0
0
0
0
0
0
11134
0
0
0
0
0
0
0
19754
0
0
0
0
0
0
0
0
0
0
0
0
0
0
0
0
1016
0
0
7823
0
0
0
0
0
0
0
0
0
18777
0
0
0
0
0
0
0
0
0
0
0
0
0
0
30791
0
0
26336
0
17368
0
0
0
0
0
0
0
0
0
0
0
0
0
0
0
0
0
0
0
19365
0
0
0
0
0
0
0
0
0
0
0
0
0
23597
0
0
0
0
0
0
0
19445
0
0
24082
14891
0
0
0
0
19841
0
0
0
0
0
0
0
0
0
0
0
0
0
0
0
0
0
0
21026
0
0
0
0
0
0
0
0
0
27350
0
0
0
0
0
0
0
0
0
0
30795
0
0
0
0
0
0
0
19194
0
0
0
0
0
0
0
0
0
0
0
0
0
0
0
0
0
0
0
0
0
0
0
0
0
0
0
0
0
34128
0
0
0
0
0
0
0
0
0
0
0
0
0
0
25578
0
0
0
0
0
0
0
0
0
0
0
0
0
0
0
0
0
0
0
0
0
0
0
0
0
0
0
0
0
0
0
0
0
0
0
0
0
0
0
0
0
0
0
35686
0
0
0
0
0
0
24840
0
0
21924
0
0
0
0
21652
0
0
0
0
0
0
0
0
0
29899
0
0
0
0
0
0
0
0
0
0
0
0
0
0
0
0
0
0
18623
14740
0
0
0
0
0
0
0
0
0
0
0
0
0
0
0
0
0
0
0
0
18877
0
0
0
0
0
0
0
0
0
0
0
0
0
0
0
0
0
30024
16040
0
0
0
0
0
0
0
0
0
0
0
0
0
0
0
0
0
0
16508
19738
0
0
0
0
0
0
0
0
0
0
0
0
0
0
25620
0
0
0
0
0
0
0
0
0
0
0
0
0
0
0
0
0
0
0
0
0
0
0
0
0
0
0
8670
0
0
0
0
0
0
0
0
0
0
0
0
0
0
0
0
0
0
0
0
0
0
0
0
21985
0
0
31437
0
0
0
0
0
0
0
0
0
0
0
0
0
0
0
0
0
0
19399
0
0
0
0
9616
0
0
0
0
0
0
0
0
0
0
0
0
0
0
0
0
0
0
0
0
0
0
0
0
29958
0
0
0
0
0
0
0
19187
0
0
0
0
0
0
0
0
0
0
18355
0
0
0
0
0
0
0
0
0
28002
0
0
0
0
0
0
0
18879
0
0
0
0
0
0
0
0
0
0
0
0
0
0
9545
0
0
17410
35831
0
0
0
0
0
0
0
0
0
0
0
0
0
0
0
0
0
0
0
0
0
0
0
0
0
0
0
0
0
0
0
0
0
0
0
0
0
0
0
0
17087
0
0
0
27527
0
0
0
0
0
0
0
0
8163
0
0
0
0
0
27484
0
0
0
0
0
0
0
0
0
0
0
0
0
0
0
0
0
0
0
0
7957
17786
0
0
0
0
0
0
0
0
0
0
0
0
0
0
0
0
0
0
0
0
0
0
0
0
0
0
0
9467
0
0
0
0
0
0
0
10196
0
0
0
0
0
0
0
0
0
0
12843
0
0
0
0
0
0
0
0
0
0
0
14712
0
0
0
0
0
0
0
0
0
0
0
0
0
20277
0
0
0
16002
0
0
0
0
0
0
0
0
0
0
0
0
0
0
0
0
0
0
0
0
0
0
0
0
20898
0
0
6397
0
0
0
0
0
0
0
0
0
8278
0
0
0
0
0
0
0
0
0
0
0
0
0
0
0
0
0
0
0
0
0
0
0
0
0
0
0
0
0
0
25425
0
0
0
0
0
0
0
0
0
0
0
0
0
0
0
0
0
0
0
0
0
0
0
0
0
0
0
0
0
0
0
0
0
0
0
0
0
0
0
0
0
0
0
0
0
0
0
0
0
0
0
11916
0
0
0
0
0
0
0
0
0
19484
0
5026
0
0
0
0
0
0
0
0
20437
0
0
0
0
0
0
0
0
10227
0
0
0
0
0
0
0
0
0
0
0
0
0
0
0
0
0
0
0
0
0
0
0
0
0
0
0
0
0
0
0
33661
0
0
0
0
30264
0
0
0
0
0
0
0
0
0
0
0
0
0
0
15007
29474
0
0
0
0
0
28161
0
0
0
0
19724
0
0
0
0
22452
0
0
0
0
0
0
0
0
14710
0
0
0
0
0
0
0
0
0
0
0
0
0
0
0
0
0
0
0
0
0
0
0
0
0
0
0
0
0
0
0
0
0
30939
0
0
0
0
0
0
0
0
0
0
0
0
0
0
23233
21341
0
0
0
0
15154
15193
0
0
0
0
0
0
0
0
0
0
0
0
0
0
0
0
0
0
0
0
0
0
0
0
2947
0
0
0
0
0
0
0
0
0
0
0
0
0
0
0
0
0
0
15125
0
0
0
0
0
0
0
0
0
0
0
0
0
0
0
0
0
13869
0
0
0
0
0
0
0
0
0
34355
0
0
0
0
0
0
0
0
0
0
0
0
0
0
0
0
0
0
0
0
0
0
0
0
0
0
0
0
0
0
0
0
0
0
0
0
0
0
0
0
14431
0
19226
0
0
0
0
0
18751
0
0
0
0
0
0
0
0
0
0
0
0
32024
0
23469
0
0
21490
0
0
18932
0
0
0
0
0
0
0
0
0
0
0
0
0
0
0
0
0
0
0
0
0
33543
0
19813
0
0
0
0
0
0
25870
0
20365
24128
0
0
0
0
0
0
0
0
29126
0
0
0
0
0
19742
0
0
0
0
0
0
0
0
0
0
0
0
0
0
17778
0
0
27452
0
0
0
0
0
0
0
0
0
0
0
11964
0
0
0
0
22733
0
0
0
0
0
0
0
0
0
0
0
0
0
0
0
0
0
0
18113
0
0
0
5748
0
0
37379
21689
0
0
0
0
0
0
0
0
0
0
0
0
0
0
18869
0
0
0
0
0
0
0
0
0
0
0
0
0
0
0
0
0
0
0
0
0
0
0
0
9730
0
0
0
0
0
0
0
0
0
0
0
0
0
0
0
0
0
0
16744
0
0
0
0
0
0
0
0
0
0
0
0
0
0
0
16647
0
0
0
0
0
0
23545
0
0
0
0
0
0
0
0
0
0
18185
0
0
0
0
0
0
0
0
0
23350
0
29003
0
0
0
0
0
0
0
0
16963
0
0
0
0
25836
17019
0
20903
0
0
0
12959
0
0
0
0
0
0
36644
15427
0
0
0
0
0
11860
0
30591
0
0
0
0
0
0
0
0
0
0
0
0
0
0
0
0
0
0
0
0
0
0
0
0
0
0
0
0
0
21879
29334
0
0
0
0
0
0
0
0
0
0
0
0
0
0
0
16971
0
0
0
0
0
0
0
0
35655
0
0
0
0
0
0
0
0
0
0
0
0
0
0
0
0
0
0
0
0
0
0
0
0
15508
0
0
22545
0
0
0
0
0
0
0
0
0
0
0
0
0
0
0
0
0
0
0
0
0
0
0
13065
0
0
0
0
21030
0
0
14487
0
0
0
0
0
0
0
24142
0
0
0
0
0
0
0
0
0
9597
0
0
0
24822
0
0
0
0
0
0
0
0
10894
0
0
0
0
0
0
21287
0
0
0
0
0
0
0
0
0
0
0
0
0
0
0
0
0
0
0
0
0
0
0
0
0
0
0
0
0
0
0
0
0
0
0
0
0
0
0
0
0
0
0
0
0
0
0
0
0
0
17889
18736
0
0
0
0
0
0
0
0
0
0
0
0
0
0
0
0
0
0
0
27558
0
0
0
0
0
0
0
0
0
0
0
0
0
0
18055
0
0
0
0
0
0
24809
0
0
10335
0
0
0
0
0
0
0
0
0
0
12444
0
0
13200
0
0
0
0
0
0
0
0
0
0
0
0
0
0
31451
0
0
0
0
0
0
0
0
0
0
0
18024
0
0
0
0
0
0
0
18755
0
0
0
0
36009
0
0
0
0
0
0
17980
0
21173
0
0
0
21476
0
0
0
0
0
0
0
0
17717
19899
0
0
0
22216
0
0
0
0
0
0
0
0
0
0
0
0
0
0
0
0
0
0
0
0
0
0
0
0
0
0
0
0
0
0
0
0
0
0
0
21015
0
0
0
0
0
0
0
0
0
0
0
0
0
0
0
0
0
0
0
32217
0
0
13144
11876
0
0
20073
0
0
0
0
0
0
0
0
0
0
0
0
0
0
25370
0
0
0
0
21514
0
0
0
0
0
0
0
29230
0
0
0
0
0
0
0
0
0
0
0
18320
0
0
0
0
0
22412
0
0
0
0
0
0
0
0
24601
0
0
0
0
0
0
0
0
0
0
0
19547
20765
0
0
0
0
0
0
0
0
0
0
0
0
0
0
0
0
0
0
19802
0
0
0
0
0
0
21057
0
0
0
0
0
0
0
0
0
12127
24721
0
0
0
8782
0
2625
0
22191
0
0
0
0
0
0
0
0
0
0
20429
8782
25481
0
0
0
0
0
0
13248
0
0
0
0
0
0
18999
0
0
0
0
0
0
0
0
0
0
0
0
0
0
0
0
0
0
0
25332
0
0
0
0
0
0
21757
0
0
21383
23981
0
0
26092
0
0
0
0
0
0
0
0
0
0
0
0
0
0
0
0
0
14892
0
0
0
13221
0
0
0
11918
0
0
0
0
0
0
0
0
21003
35997
0
0
16226
0
0
0
0
0
15895
0
0
19373
18776
0
0
0
0
0
0
0
0
0
0
0
0
0
7916
0
0
0
0
0
0
0
0
0
0
0
0
0
0
0
0
0
0
0
10189
34533
0
0
0
0
0
0
0
21144
0
0
0
0
0
0
0
0
0
0
0
0
0
0
0
9318
36572
0
0
0
0
0
0
0
0
0
0
0
0
0
0
0
18857
0
0
0
0
0
0
0
0
0
0
0
0
0
28361
0
0
26742
29854
22850
0
0
17181
0
0
0
0
0
0
0
0
0
0
0
0
0
0
0
0
0
0
0
0
0
0
0
0
0
0
0
0
0
11154
0
0
0
0
17522
0
0
11975
0
0
0
0
0
0
0
0
0
0
0
25852
0
0
0
0
0
0
0
0
0
19017
0
13326
0
0
0
0
28177
0
0
0
0
0
0
0
0
0
0
15003
0
0
0
0
20676
0
0
0
0
0
0
0
0
0
0
0
0
0
0
0
0
0
0
0
0
0
0
0
34951
0
0
0
0
0
14294
0
0
0
29328
0
0
0
0
0
0
0
17833
0
0
0
0
0
0
0
0
0
0
19091
0
0
16729
0
0
0
0
0
0
0
10230
0
0
0
21981
0
16902
0
0
0
0
0
0
0
0
0
20734
0
0
0
0
0
0
0
0
0
0
0
0
0
0
0
0
0
0
0
0
0
0
0
0
0
0
0
0
21808
0
0
0
0
0
18624
0
0
0
0
0
0
0
0
0
0
0
0
0
0
0
0
19210
0
0
29652
0
0
0
30141
0
0
0
0
0
0
0
0
0
0
0
21970
31473
0
0
0
0
0
0
22570
0
0
0
0
0
0
0
0
0
0
0
0
0
0
0
0
0
0
0
0
0
10154
0
0
0
0
0
0
0
0
0
0
0
0
0
0
0
0
0
0
0
0
0
0
0
0
0
0
0
0
0
0
0
0
0
20690
0
0
0
0
0
0
0
24349
0
0
19290
0
0
0
0
0
0
0
0
0
0
0
0
0
0
0
0
0
0
0
0
0
0
0
0
0
0
0
3965
0
0
0
11610
0
0
0
0
23374
0
0
0
24615
0
0
0
0
0
0
0
0
0
10434
0
0
0
0
0
0
10484
0
0
0
0
12579
0
0
0
0
0
0
0
0
0
0
32254
0
0
0
12761
0
0
19829
0
17366
25567
0
0
0
0
0
0
0
0
0
11613
0
0
0
0
0
0
0
0
0
0
33603
0
0
0
0
0
0
0
0
0
0
0
0
0
0
0
0
0
0
20977
0
0
0
0
0
0
0
0
0
0
0
0
0
0
0
0
0
0
0
0
0
0
0
0
27627
0
0
0
0
0
0
0
0
0
0
0
0
23712
0
0
0
0
0
0
0
0
0
0
0
0
0
0
17554
0
0
0
0
0
0
0
0
0
0
0
0
0
0
0
0
0
0
0
0
0
0
0
21686
0
0
0
0
0
0
0
0
0
0
0
29362
0
0
0
0
0
0
0
0
0
0
0
0
0
0
0
0
25560
0
0
0
0
0
0
35694
0
15944
0
0
0
0
0
0
0
0
0
0
0
0
0
0
0
31446
18529
0
0
0
0
0
0
0
0
0
0
0
21335
0
0
0
0
0
0
0
0
0
0
0
0
0
0
0
0
0
0
17279
0
0
0
0
11694
0
0
0
0
0
0
0
0
0
0
0
16548
0
0
0
0
0
0
0
0
0
0
0
0
0
0
0
0
0
0
0
0
17252
0
24299
0
0
0
23834
0
0
0
0
0
0
0
0
0
0
0
0
16442
0
0
0
0
0
0
0
0
0
0
0
24278
15295
0
18009
0
0
0
0
0
0
20618
0
0
0
0
0
0
0
0
0
21201
0
0
0
0
0
0
0
0
0
0
19441
0
0
0
0
0
0
33506
0
0
0
18874
0
0
0
21220
0
0
0
18527
0
0
0
0
0
0
0
0
0
0
0
0
0
0
0
0
0
0
0
0
0
0
0
0
0
0
11283
0
0
0
0
0
0
0
0
0
0
0
0
0
0
18061
0
0
0
0
0
0
0
0
0
21403
0
0
0
0
0
0
0
0
0
30757
0
0
0
0
0
20281
0
0
0
0
18415
0
0
0
0
0
0
0
0
0
0
0
10631
0
0
0
0
0
0
18157
0
0
0
0
0
0
0
0
0
7172
0
0
0
0
0
7700
0
0
0
0
0
0
17392
0
0
0
0
0
0
0
0
0
0
0
0
0
25401
11216
0
0
0
0
10884
16665
17516
22173
0
0
0
0
0
0
0
0
0
0
19891
0
0
7902
0
0
0
0
0
0
0
0
0
0
0
0
0
0
0
0
0
0
0
0
0
0
0
0
0
0
0
0
0
0
0
0
0
0
0
0
0
0
0
0
0
0
0
0
12078
0
0
10421
0
0
0
0
18295
0
0
0
0
0
0
0
0
0
0
0
26360
27044
0
0
0
12885
0
0
0
11241
0
0
0
0
0
0
0
17978
0
0
0
0
0
0
0
0
0
0
0
0
0
10461
0
0
0
0
0
0
0
0
0
0
0
0
0
0
0
0
0
0
0
0
0
0
30201
0
0
0
0
0
0
0
0
0
0
0
0
0
0
0
23923
25682
0
0
0
0
0
0
0
0
0
9677
0
0
0
11183
0
23549
0
0
0
0
0
0
0
0
0
0
25093
4717
0
0
0
0
14552
0
0
0
0
0
0
0
0
0
0
9796
0
0
0
9337
0
0
0
0
26775
0
0
28078
0
0
0
0
0
0
19273
0
0
0
0
0
0
0
0
0
0
0
0
0
0
20167
34831
0
0
18405
0
0
0
0
0
18746
0
0
0
0
0
0
0
0
0
0
0
0
0
0
0
0
0
0
0
0
0
0
0
0
0
0
0
0
16164
0
0
0
0
0
0
0
0
25107
0
0
0
0
0
0
17010
0
0
0
0
0
0
0
0
28680
0
0
0
0
0
0
0
0
0
0
16663
0
0
0
0
0
0
0
16164
0
0
0
0
0
0
0
17039
0
0
0
0
0
33904
0
0
0
0
0
31538
27306
0
19205
0
0
0
0
0
0
0
0
0
18978
0
0
0
0
0
0
0
0
0
0
0
0
0
16423
0
10833
0
0
0
0
0
0
0
0
0
0
0
0
0
0
0
0
0
11922
27235
24073
0
10140
0
0
0
0
0
0
23792
0
0
0
0
0
0
0
0
0
11807
0
16093
11845
0
21193
0
0
0
0
0
0
0
0
21318
0
23065
0
0
0
0
0
0
0
0
0
0
0
0
0
0
0
14395
0
0
0
0
0
0
20750
0
0
0
0
0
0
0
0
0
0
0
0
0
0
25921
0
0
0
0
0
0
0
0
0
0
0
0
0
0
0
0
0
0
0
0
21637
0
11017
0
0
0
0
0
0
0
0
0
0
0
0
0
0
0
0
0
0
0
0
0
0
0
0
0
0
0
0
0
0
0
0
0
0
0
0
0
18705
14954
0
0
0
0
0
0
0
0
0
20358
0
0
0
0
0
0
0
0
0
0
0
0
0
14209
13137
0
0
0
0
0
0
0
0
0
0
0
0
0
9564
0
0
0
0
0
0
0
0
0
0
0
0
0
0
22552
0
0
25283
0
0
13939
0
0
0
0
0
0
0
17800
0
0
0
0
0
0
0
0
0
0
0
0
0
0
0
0
0
0
0
0
0
0
21230
0
0
0
15383
0
0
24385
19017
0
0
0
0
0
0
0
0
0
0
21258
29539
0
0
0
0
0
0
0
0
0
0
0
0
0
0
0
0
0
0
0
0
23113
0
0
0
0
0
16530
0
0
0
0
33254
0
0
10526
0
0
0
22335
0
0
0
0
0
0
0
0
21388
0
0
29995
0
0
0
0
0
0
0
0
0
0
20225
0
0
0
0
0
0
0
0
0
0
0
0
0
0
0
0
0
0
0
20397
0
15950
0
0
0
0
0
0
0
0
0
0
0
0
0
0
0
0
0
0
0
18886
0
0
0
0
0
0
0
0
0
0
18212
0
0
0
0
0
0
0
0
0
0
0
0
0
0
0
0
0
0
0
0
11275
0
0
0
0
0
0
0
0
0
0
0
0
0
0
0
0
0
0
0
0
0
0
0
0
0
0
0
9583
0
0
0
0
0
0
0
0
0
0
0
0
0
21485
0
0
0
0
24580
0
0
0
0
17200
0
0
0
0
0
0
0
0
0
0
0
0
0
0
0
0
0
0
0
0
0
0
0
0
0
18147
0
0
0
0
0
0
0
0
0
0
0
0
0
0
0
0
0
0
0
0
0
0
15292
0
0
0
31425
0
0
0
0
0
0
0
0
0
0
0
0
34406
0
0
0
0
0
0
0
0
10160
0
0
0
0
0
0
0
19640
0
0
2150
0
22396
0
0
0
0
0
0
19638
0
0
0
0
0
0
0
0
12819
29009
0
0
0
0
0
0
0
0
0
0
0
0
0
0
0
0
0
0
0
19814
0
0
0
0
0
20096
35475
0
0
0
0
0
0
0
23290
0
0
0
0
0
0
0
0
0
0
0
0
0
0
0
0
0
0
0
0
0
0
0
0
0
0
0
0
0
0
0
12123
0
0
0
0
0
0
2825
0
0
0
0
0
0
0
0
0
0
0
0
0
0
0
0
0
0
17363
0
0
19004
0
0
0
0
0
0
0
0
0
0
0
0
0
0
0
0
0
28581
0
0
0
0
0
0
0
0
0
0
0
0
0
0
0
0
0
24631
0
0
0
0
0
0
0
0
0
0
0
0
0
0
0
0
32891
0
32598
0
13003
0
0
0
0
0
0
0
0
0
0
0
12320
0
18945
0
0
0
0
0
0
0
0
0
0
0
0
0
0
25740
27040
20859
0
0
0
0
0
18360
0
0
0
0
4384
0
0
0
25104
0
0
0
0
0
25929
0
0
0
0
0
0
0
0
0
0
0
0
0
0
0
0
0
0
0
0
0
0
0
0
0
0
0
0
0
0
0
0
0
0
0
0
0
0
0
0
28390
0
0
0
0
0
21565
4580
0
0
0
0
0
0
0
0
12289
0
0
0
0
0
0
0
0
0
21035
0
0
0
0
0
0
0
0
0
0
0
0
0
0
0
27730
0
18350
0
0
0
0
0
0
0
0
0
0
0
0
0
0
0
0
0
0
0
0
0
0
0
0
0
0
0
0
0
0
0
0
0
0
0
0
0
0
0
0
0
0
0
0
0
0
0
0
0
17773
0
0
0
23466
0
0
0
0
0
0
0
0
0
0
0
0
0
0
0
0
0
0
0
0
0
0
0
0
0
0
0
13523
0
0
0
0
0
0
0
0
0
0
0
31040
0
0
22186
0
0
0
0
0
0
0
0
0
0
0
0
0
0
0
0
0
0
0
22486
0
0
0
0
0
0
0
0
0
0
0
0
0
0
0
0
0
0
0
0
0
0
0
20291
0
33427
0
0
0
0
0
0
0
0
0
0
0
0
0
0
0
0
0
0
37762
0
0
0
15793
0
0
0
0
0
0
0
0
0
0
0
30892
26025
0
0
0
0
0
15701
0
24671
21081
0
0
0
0
0
0
0
0
15256
0
0
0
21720
0
0
30801
0
0
0
0
0
0
0
0
0
0
0
0
0
0
0
0
0
0
0
0
0
0
0
0
0
0
0
0
0
0
13598
0
0
0
0
0
0
0
0
0
0
0
0
0
0
14731
0
0
0
0
12125
0
0
0
0
0
22375
0
0
12667
0
23185
0
0
0
0
0
25182
0
0
26962
0
0
0
0
0
0
0
0
17329
0
26286
0
37520
0
0
0
0
0
0
0
0
24211
0
0
0
0
0
16445
0
0
0
0
0
0
0
0
4455
0
0
0
0
0
24230
0
0
0
0
0
0
0
0
20558
0
30657
0
0
0
0
0
0
0
0
0
0
0
0
0
0
36890
0
0
0
0
0
0
0
0
0
0
0
0
0
0
0
13407
0
0
0
0
0
0
0
0
19972
0
0
0
0
0
12225
0
0
0
0
17847
0
0
0
0
0
0
0
0
0
18114
0
0
0
0
0
0
0
19306
0
0
0
0
0
0
0
0
0
0
0
0
0
0
0
0
0
0
9880
0
0
0
0
0
0
0
0
0
0
0
0
0
0
0
27794
23236
0
0
0
0
0
0
0
0
0
20615
20898
0
0
0
0
0
0
0
0
0
0
0
0
0
0
0
0
0
0
0
24404
0
0
0
0
0
0
0
0
0
0
0
0
0
0
0
0
11310
0
0
0
0
0
0
0
23319
0
35181
0
0
0
0
0
0
0
0
0
0
0
0
16574
0
0
0
0
0
0
0
0
0
0
0
0
0
0
0
0
0
0
0
0
0
0
15156
0
0
0
0
0
0
0
0
0
0
0
0
0
0
0
0
0
0
0
0
0
0
0
0
0
0
17520
0
0
0
25081
0
0
0
0
0
0
0
0
0
16896
30201
0
0
0
0
0
0
0
0
0
0
0
0
0
0
0
0
0
0
0
0
0
11192
0
0
0
0
0
0
0
0
0
0
0
0
0
0
0
0
0
0
0
0
0
0
0
0
0
0
0
0
0
0
0
0
0
12686
0
0
0
0
19648
33590
0
0
0
0
0
0
0
9347
0
0
0
0
0
28717
0
0
0
0
0
0
0
0
0
0
0
0
0
21191
0
0
0
0
0
0
0
0
0
0
0
0
0
0
0
0
0
0
18240
0
0
0
0
0
0
0
0
27825
0
0
0
0
0
18743
0
19288
0
0
0
15402
0
0
7206
0
0
0
0
31027
0
0
10414
0
16832
0
0
0
0
0
0
0
0
0
0
0
29114
0
11179
0
0
0
0
0
0
0
0
0
0
0
0
0
0
18726
0
0
0
0
0
0
0
0
0
0
0
0
0
0
0
0
0
0
0
0
0
0
0
8895
0
20081
0
0
0
0
0
0
0
0
0
0
0
0
0
0
18372
0
0
0
0
0
0
0
0
0
0
0
0
0
0
0
0
0
0
0
0
0
0
0
0
0
0
0
0
0
0
0
0
0
0
0
0
0
0
0
0
0
0
0
0
0
0
0
0
0
18352
0
0
25440
0
0
0
0
0
3035
0
0
0
0
0
0
0
27947
0
0
0
0
0
0
0
0
0
0
0
0
0
0
0
0
0
0
0
0
0
0
0
21533
0
0
0
27256
0
0
0
18153
0
0
0
0
0
0
0
0
0
0
0
0
0
0
0
0
0
0
9198
0
0
0
0
0
0
0
0
0
0
0
0
0
0
0
0
0
0
0
0
0
0
0
0
0
0
0
0
0
0
0
0
0
0
35674
0
0
0
26818
0
0
0
0
0
0
0
0
0
0
0
0
0
0
0
0
0
0
0
0
0
0
0
11859
0
0
0
0
0
0
0
0
0
0
0
18968
0
0
0
0
0
20383
0
0
0
0
0
0
0
0
0
0
0
24744
0
0
0
7882
0
0
0
0
0
0
0
0
0
0
0
0
0
0
0
0
0
0
19534
0
0
0
0
26512
0
0
0
0
0
0
10138
0
0
0
0
0
0
8720
23748
0
0
0
0
27636
0
0
25208
0
29979
0
0
0
0
0
0
0
0
0
0
0
0
0
0
0
0
24498
0
0
0
0
0
0
0
0
0
0
0
0
0
0
29145
0
0
0
0
0
0
0
0
11897
0
0
0
0
0
0
0
0
20675
0
0
0
23092
0
0
0
0
0
0
21393
23978
0
0
0
0
0
0
0
0
0
0
0
0
0
0
0
0
0
0
27927
0
0
0
0
10346
0
0
0
0
0
0
0
0
0
0
0
0
0
0
0
22385
0
0
8476
0
0
0
0
0
0
0
0
0
0
0
0
0
0
0
0
0
0
0
0
0
0
0
0
0
0
0
0
0
0
0
0
0
0
0
0
0
0
0
0
0
0
0
0
0
0
0
0
0
0
0
0
0
28048
0
0
0
0
0
0
0
0
0
0
0
0
0
0
0
0
0
0
0
0
0
0
0
0
0
0
0
16641
0
0
0
0
0
20161
0
0
0
0
0
0
0
0
0
0
0
0
0
0
0
0
20732
0
0
0
0
0
0
0
0
0
0
0
0
0
0
0
0
0
0
0
0
0
0
0
0
0
0
0
0
0
0
0
0
0
0
19070
0
30867
0
0
0
0
0
0
0
0
0
0
0
0
0
0
0
0
0
0
0
0
0
0
0
0
0
0
0
0
0
0
0
0
0
0
0
0
0
0
0
0
0
0
0
0
0
0
0
0
0
0
0
0
0
0
0
0
0
0
0
0
0
0
0
0
0
0
29895
0
15756
0
0
0
0
0
0
26091
0
0
0
0
0
0
0
0
0
0
0
0
0
0
0
0
0
0
23521
0
0
0
0
0
0
0
0
0
0
0
17366
0
0
0
0
0
0
0
0
0
21885
0
0
0
0
0
0
0
0
0
0
0
0
0
0
0
0
18288
0
0
0
0
0
0
0
34733
0
0
0
0
0
0
0
0
0
0
26738
0
0
20484
0
0
0
0
0
0
0
0
0
0
0
0
0
0
27123
0
0
0
0
0
0
0
0
0
0
0
0
0
0
0
0
0
0
0
0
0
0
0
0
0
0
0
0
1587
0
0
0
0
0
0
0
0
0
30361
0
33965
0
0
0
0
0
0
0
0
0
0
0
0
0
0
0
0
0
0
0
0
0
0
0
0
0
0
0
0
0
0
0
0
0
0
0
0
0
0
0
0
0
0
0
0
0
0
0
0
0
0
0
0
0
20649
11852
0
0
0
0
0
0
0
0
0
27460
0
0
0
0
0
0
0
0
0
0
0
0
0
35443
12319
30244
0
0
0
0
0
0
0
0
0
0
29160
0
0
0
0
0
0
0
0
0
22299
0
0
0
0
0
0
0
0
0
18965
0
0
21661
0
0
0
0
28306
0
32766
0
0
29581
0
0
0
23363
0
0
0
0
0
0
0
37331
0
0
0
0
0
19641
0
0
0
0
0
0
0
0
0
0
0
11613
0
0
0
0
0
31836
0
12378
0
0
0
0
0
0
0
0
0
0
0
0
0
0
0
0
0
0
0
0
0
0
0
0
0
0
0
0
0
0
0
0
0
0
0
0
0
0
0
0
0
0
0
0
0
0
0
0
0
0
0
0
0
0
0
0
0
0
0
0
0
0
0
0
0
0
0
0
0
0
0
0
0
0
0
0
0
0
0
0
0
0
0
0
0
0
0
0
0
0
0
23964
0
0
21730
0
0
18841
0
0
0
0
0
0
0
0
0
0
0
0
0
0
0
0
0
0
0
0
0
9907
18060
0
11660
0
0
0
0
21853
0
33475
0
0
0
0
0
0
0
0
0
0
28007
0
0
0
0
35895
0
12526
0
0
0
0
0
0
0
10777
0
0
0
0
0
0
0
0
21455
0
0
0
0
0
0
0
0
0
0
0
0
0
0
0
0
0
21426
0
0
0
0
0
0
0
0
0
0
0
0
0
0
0
0
0
0
0
0
0
0
0
0
0
0
0
8530
0
0
9670
0
0
0
0
0
0
0
0
0
0
0
0
0
0
0
0
0
0
0
0
0
0
0
0
0
18450
0
0
0
0
0
0
0
0
0
0
0
0
0
0
0
0
0
0
0
0
0
0
0
11050
0
0
0
0
0
0
0
0
0
0
0
0
0
0
0
0
0
0
0
0
0
0
0
0
0
0
0
0
0
0
0
0
0
0
0
19953
0
24644
0
0
0
0
0
17974
0
0
0
0
0
24360
0
0
0
0
0
0
0
0
0
0
0
0
0
0
0
34146
0
0
0
0
0
0
0
0
12408
0
19422
0
0
0
0
14789
0
0
0
0
0
0
0
0
0
0
0
0
0
0
0
0
0
0
30090
0
0
0
0
0
0
0
0
0
0
0
0
0
0
0
0
0
0
0
0
0
0
0
18208
0
0
0
0
0
0
0
0
0
20389
0
0
0
0
0
0
0
17546
0
0
0
0
19190
0
0
0
0
0
0
0
0
0
0
0
0
0
0
20602
18264
0
0
12819
16347
0
0
0
0
0
0
0
0
0
0
0
0
0
19877
0
0
0
0
0
0
0
0
0
0
0
14009
0
0
0
0
0
0
32539
0
0
0
0
0
0
0
0
24377
0
0
0
0
0
29539
0
0
0
0
0
17878
18165
0
0
13727
0
0
0
0
0
0
0
0
0
15216
0
0
0
20348
0
0
0
24660
0
0
0
0
0
0
0
0
0
0
0
0
0
0
0
0
0
0
0
0
0
0
0
0
0
0
0
0
0
0
0
0
0
0
0
0
18396
0
0
0
0
0
0
0
0
0
0
11053
0
0
0
15462
0
0
0
0
0
0
0
0
0
0
0
0
0
0
0
0
0
19375
0
0
0
8527
0
9779
0
0
0
0
0
0
0
0
14506
0
0
0
0
0
0
0
0
0
0
0
0
0
0
0
0
0
0
0
0
0
0
0
0
0
0
0
0
0
0
0
0
0
0
0
0
0
0
0
0
0
0
0
0
0
0
0
0
0
0
0
0
0
0
0
0
21150
0
0
0
0
0
0
0
0
0
0
0
0
0
0
0
0
0
34850
0
0
0
0
0
0
0
15235
0
0
0
0
0
0
0
0
0
0
0
0
0
0
0
0
0
0
21717
0
35744
0
9162
0
0
0
0
0
0
0
0
0
0
1120
0
0
20136
13500
0
0
0
0
0
0
0
0
0
0
17088
22154
0
0
0
0
0
0
0
0
0
0
0
0
0
0
0
0
0
0
0
0
20310
0
0
0
0
0
0
0
0
2199
0
0
0
0
0
0
0
0
0
0
0
0
0
0
0
0
0
0
0
11718
0
0
0
0
0
0
0
0
0
0
0
0
0
0
0
0
0
0
0
0
0
0
0
0
0
17942
0
31296
0
0
0
0
0
1830
0
0
0
0
0
0
0
0
0
0
0
0
0
17648
0
25978
0
0
0
0
0
0
0
0
0
0
0
0
0
0
0
0
0
0
0
0
0
0
0
0
0
0
20542
0
0
0
0
0
0
0
0
0
0
0
0
0
0
0
28917
0
22186
0
0
0
0
0
0
0
0
0
0
0
0
0
0
0
0
0
28523
0
0
0
0
0
0
0
0
0
0
0
0
0
0
0
0
0
0
0
0
0
0
21015
0
0
0
0
0
0
0
0
4403
0
0
0
0
0
0
0
30433
0
0
0
0
0
0
10858
0
0
0
0
0
0
0
0
20623
0
0
0
8115
0
16226
0
0
0
0
0
0
25682
26923
0
16577
0
0
0
0
0
0
0
0
0
0
0
0
0
0
0
0
0
34408
0
0
0
0
0
0
0
0
0
0
0
0
0
0
0
0
0
0
0
0
0
0
0
0
0
0
0
0
0
0
0
0
0
0
0
0
0
0
0
0
0
0
0
0
0
0
0
0
0
0
0
29387
0
0
20496
0
12278
0
18296
0
0
0
0
0
0
0
0
0
26522
0
0
0
0
0
20126
19193
0
0
0
13146
0
22103
0
0
0
0
0
0
0
0
0
0
0
0
0
0
0
0
0
0
0
0
0
0
0
0
0
0
0
0
0
0
0
0
0
0
0
0
0
0
0
0
0
0
0
0
0
0
0
0
0
0
0
0
0
0
0
0
0
0
25275
0
0
0
0
0
0
22342
0
21097
0
0
0
0
0
0
0
0
0
0
0
0
0
0
0
0
0
0
0
0
0
0
0
0
18878
0
0
0
0
0
0
0
0
0
0
0
0
0
0
0
0
0
0
0
0
0
0
18560
0
0
0
0
0
0
0
0
0
0
0
0
25667
0
0
19373
18663
0
0
0
0
0
0
0
0
0
0
0
0
0
3379
0
0
0
0
0
0
0
0
0
20887
0
25058
17565
0
0
0
1173
0
0
0
0
0
0
0
0
0
0
0
0
0
0
0
0
0
0
0
13359
0
0
0
0
0
0
0
0
0
0
14660
0
0
0
0
0
0
0
0
0
0
0
0
0
0
0
0
22889
14238
0
0
20161
0
0
0
0
22166
0
0
0
0
0
0
0
0
0
0
0
0
0
0
0
0
0
0
0
0
0
9330
0
0
0
0
0
0
0
0
0
0
0
0
0
0
20466
0
0
0
0
0
0
0
24177
0
0
0
0
0
0
0
0
0
0
0
0
0
0
0
0
0
0
0
0
23629
0
0
0
0
0
0
13484
0
0
0
0
0
0
0
0
0
0
0
0
0
0
0
0
0
0
0
0
0
0
0
0
0
0
0
0
0
0
30779
0
0
0
0
0
0
0
0
0
0
0
0
0
0
0
0
0
0
0
18743
0
0
0
0
28491
0
0
0
0
0
0
0
0
0
0
21245
0
0
0
0
0
0
0
0
0
0
0
0
0
22926
0
0
0
0
0
19146
0
0
0
0
0
0
0
0
0
0
0
23426
0
0
0
0
0
0
0
0
13405
0
0
0
14897
20287
0
0
0
0
0
0
0
0
0
0
0
0
0
16611
0
0
0
0
0
0
0
0
0
0
0
0
0
23240
0
0
0
0
0
0
0
0
0
0
0
0
0
0
0
0
0
0
0
0
0
0
0
0
0
0
0
0
0
11675
0
0
0
0
0
19981
0
0
29041
0
12166
0
0
11856
0
0
0
0
0
0
9096
9783
0
0
0
0
0
0
0
0
0
28834
0
0
28502
0
0
0
0
12686
0
0
0
0
0
0
0
0
0
0
0
0
0
0
0
0
0
0
0
0
0
0
0
0
0
0
0
0
0
0
0
0
0
0
0
0
0
0
0
0
0
0
0
0
0
0
0
0
0
0
0
0
0
0
30664
0
0
0
0
0
0
17747
0
0
15605
0
0
0
19604
0
0
0
0
0
0
0
0
0
0
0
0
0
0
0
0
0
0
0
0
0
0
0
0
0
0
0
0
0
20967
0
0
0
0
20494
1827
0
0
0
0
0
0
0
0
0
0
0
0
0
0
0
0
0
0
19877
0
0
0
0
0
0
0
0
0
0
21527
0
0
0
0
0
0
0
0
0
0
0
21364
0
0
0
0
0
37514
0
0
0
0
0
0
0
26833
0
0
0
23716
23323
0
0
0
0
0
0
0
0
0
33204
0
0
0
0
0
0
0
0
0
0
0
0
0
0
0
0
0
6524
0
0
0
0
0
0
0
0
14379
0
0
0
0
0
0
0
0
21798
0
0
0
0
0
0
0
0
0
0
0
0
0
0
0
0
0
0
0
0
0
31654
0
0
0
20358
0
0
0
0
0
18937
0
0
8779
0
0
0
0
0
0
0
0
0
0
0
0
0
0
0
0
0
0
0
0
0
0
0
0
0
0
0
0
0
0
0
0
0
0
0
0
0
0
12632
0
0
0
0
0
0
0
0
0
0
0
30125
0
22432
0
0
0
0
0
0
0
0
0
0
0
0
0
0
0
0
0
0
0
0
0
0
0
0
0
0
0
0
0
0
0
0
0
0
0
0
0
0
0
0
0
0
0
17467
0
11450
0
0
19789
0
0
0
0
0
0
0
0
0
0
0
0
15344
0
0
0
0
0
0
0
0
0
0
0
22631
0
0
0
0
0
0
0
0
0
19295
0
0
0
0
0
0
0
0
0
0
32775
0
0
0
0
0
0
0
0
0
0
0
0
0
0
0
0
0
0
0
0
0
0
0
0
0
0
0
0
0
0
0
0
20209
0
0
0
0
0
0
0
0
0
0
5362
0
0
0
0
0
0
0
0
0
0
0
0
0
27881
14515
0
0
0
0
0
0
0
0
0
1482
0
0
0
18571
0
0
0
0
0
0
0
0
0
0
0
0
0
0
0
0
0
0
0
0
0
0
0
0
0
0
0
0
0
0
0
0
0
0
0
0
0
0
0
0
0
0
0
0
0
0
0
0
0
0
0
0
0
0
0
0
0
11545
0
0
0
0
0
0
0
0
0
0
0
0
0
0
21825
0
0
25333
0
0
0
0
24023
0
0
0
35309
0
0
0
0
0
0
0
0
0
0
0
0
0
0
0
0
0
23132
0
0
0
0
0
0
0
0
0
0
0
0
0
13914
24593
0
0
18869
0
0
9603
0
0
20362
0
0
0
0
0
0
0
0
0
0
0
0
0
0
0
0
15838
19186
0
0
0
0
0
0
0
0
0
0
0
0
0
0
23990
0
0
0
0
0
0
0
0
0
0
0
0
0
0
0
0
21140
0
0
0
0
0
0
0
0
0
0
0
0
17117
0
0
0
0
0
0
0
0
0
17926
0
0
0
0
0
0
16714
0
0
0
0
0
0
0
0
0
0
0
0
0
0
0
0
0
25766
0
0
0
0
0
11130
0
0
0
0
0
0
0
0
0
0
0
0
0
0
0
0
0
0
0
1175
0
0
0
0
0
28447
14386
0
0
0
0
0
0
0
0
0
0
0
0
28941
0
0
0
0
0
0
24895
0
0
0
4583
0
0
0
0
13803
0
0
0
0
0
0
13008
0
0
0
0
0
0
0
0
0
0
0
0
0
0
0
0
0
0
0
0
0
0
0
0
0
0
0
0
0
19209
0
0
0
0
0
0
0
0
17749
0
0
18390
0
0
0
0
0
0
0
0
0
30076
0
0
0
0
0
18982
27792
24088
0
0
0
0
0
0
0
0
0
0
0
0
0
0
0
0
0
0
14127
0
0
0
0
0
0
19974
0
0
0
0
0
0
0
0
0
0
0
21448
0
0
0
0
0
0
0
0
0
0
0
0
0
0
13952
0
0
0
0
0
0
0
0
0
0
0
7023
0
0
18438
0
0
0
0
0
0
0
0
0
0
0
0
0
0
22778
0
0
0
0
0
0
0
0
15917
0
0
0
0
0
0
0
0
0
0
0
0
0
0
0
0
0
0
29544
0
10061
0
0
0
0
0
0
0
0
0
0
0
0
0
0
17104
0
21551
0
0
0
0
17931
23887
0
0
0
0
21029
0
0
0
0
0
0
0
0
0
0
0
0
0
0
0
11350
0
0
0
0
0
0
0
0
0
0
18898
0
0
0
0
0
0
0
0
0
0
0
0
0
0
0
0
0
0
0
0
18279
0
0
0
0
0
0
0
0
0
0
0
0
0
0
0
0
0
0
0
0
0
0
0
0
0
0
0
0
0
0
0
0
0
0
0
0
0
0
0
0
0
0
0
0
0
0
0
0
0
0
0
18651
0
0
0
0
0
0
0
0
0
0
0
0
0
0
0
0
0
0
0
0
0
0
0
28977
0
0
0
0
0
28558
0
19738
12961
0
0
0
16146
0
0
0
0
32448
0
0
0
0
0
0
0
0
0
0
0
0
0
0
0
0
0
28117
0
0
0
0
0
0
0
23118
0
0
0
20527
23763
0
0
0
0
0
0
0
0
0
0
0
0
0
0
0
0
0
0
0
0
0
0
0
0
15843
0
0
0
14531
0
0
0
0
0
0
0
0
0
0
0
0
0
0
0
0
11451
0
0
0
0
19229
0
0
0
0
0
0
0
0
0
0
0
0
0
0
0
0
0
0
0
0
0
0
0
0
0
0
0
0
0
0
0
0
25649
0
0
0
0
0
14179
0
28780
0
0
0
0
0
0
0
0
0
0
0
0
0
0
0
0
0
0
0
0
0
16643
0
0
0
0
0
0
30611
0
0
0
0
0
0
0
0
0
0
0
0
0
0
0
0
0
0
0
0
0
0
0
0
0
0
0
0
0
0
0
0
0
0
19250
13040
0
0
0
0
0
0
0
0
0
0
0
0
0
0
0
0
0
0
0
0
0
0
0
0
0
0
0
12559
0
0
0
15293
15794
0
14744
0
0
0
23248
0
0
0
0
0
0
0
0
0
0
0
0
0
0
0
0
0
21176
0
0
0
0
0
0
0
0
0
0
0
0
0
0
0
0
0
0
0
0
0
0
20399
0
0
20096
0
10582
0
0
0
0
0
0
0
0
0
0
0
0
0
0
0
7725
0
0
0
0
18842
0
0
0
0
0
0
22447
0
19333
0
0
0
0
0
0
0
0
0
0
0
0
0
0
0
0
0
0
0
0
0
0
0
0
0
0
0
0
0
0
0
0
0
0
0
0
0
0
0
0
0
0
0
0
0
0
0
0
0
0
0
0
0
0
0
0
0
0
0
0
0
0
0
0
0
0
0
0
0
0
0
0
0
0
0
0
0
0
0
0
0
0
0
0
10201
0
0
0
0
0
16358
0
0
0
10776
0
0
0
0
0
0
0
0
0
0
0
0
0
0
0
0
0
0
0
0
0
0
0
15580
0
0
0
0
0
0
0
0
0
0
0
0
0
0
0
23876
0
0
0
0
0
0
12138
0
0
0
0
0
0
0
0
0
0
0
0
0
0
0
0
0
0
0
0
0
0
0
0
0
0
0
0
0
0
0
0
0
0
0
0
0
0
0
0
6432
0
0
0
0
0
0
0
0
0
0
17412
0
0
0
0
0
0
0
0
0
0
0
0
0
0
0
0
0
0
0
0
0
0
0
0
0
0
0
0
0
0
0
0
16036
20181
0
0
0
11142
26561
0
0
0
0
0
0
0
0
0
0
0
0
0
0
0
0
0
0
0
0
0
9560
0
0
20761
0
0
0
0
0
0
0
0
0
0
0
0
0
0
0
0
0
0
0
0
0
0
0
31874
0
0
0
0
0
0
0
0
0
0
0
32699
15026
0
0
27454
0
0
0
0
0
23626
0
0
13703
0
0
0
0
0
0
0
0
0
0
0
0
0
0
0
0
0
0
0
0
0
0
0
0
0
0
0
0
0
0
0
0
0
0
0
0
0
0
0
0
0
0
0
0
0
0
0
0
0
0
0
0
0
0
0
0
0
0
0
0
0
0
0
0
0
12421
0
0
0
0
0
0
0
0
0
0
0
0
0
0
0
0
0
0
0
0
0
0
10975
0
0
0
0
0
0
0
0
0
0
0
0
0
0
30747
0
0
0
0
0
0
0
0
0
0
0
19137
0
0
33442
0
0
0
0
0
0
0
0
0
0
0
0
0
0
0
0
0
0
0
0
0
0
0
0
0
0
0
0
30694
0
0
0
0
0
0
0
30970
0
0
0
0
0
0
0
0
0
0
0
21157
0
17679
0
0
0
0
0
0
0
0
0
0
0
0
0
0
0
0
0
0
0
0
0
0
0
0
0
0
31223
0
0
0
0
0
0
20987
0
0
0
0
0
0
0
0
0
0
0
0
0
0
0
0
0
0
0
0
0
0
0
0
0
0
23487
0
0
0
0
0
0
0
0
0
0
0
0
0
24356
0
0
0
0
0
0
0
0
0
0
0
19585
0
0
0
0
0
15090
0
0
0
0
0
0
0
0
0
0
0
0
0
0
0
0
0
0
0
0
0
0
8340
0
0
0
0
0
0
0
0
0
0
0
0
0
0
0
0
0
0
0
0
0
0
0
0
0
0
0
0
0
11399
0
0
0
0
0
0
0
0
0
0
0
0
0
0
10266
0
0
0
0
0
0
0
0
0
0
0
29225
0
0
0
0
0
0
0
0
0
0
0
0
0
4775
0
0
0
0
0
0
0
0
0
0
0
0
0
0
0
0
0
0
32211
0
0
0
0
14223
0
0
0
0
0
0
0
0
0
0
0
0
0
0
0
0
0
0
0
0
0
19174
26347
0
0
0
0
0
0
0
0
0
0
0
8920
0
0
0
0
0
0
0
0
0
0
0
0
25659
0
0
0
0
0
0
0
0
0
0
0
0
0
0
0
0
0
0
0
0
0
10938
0
0
0
0
0
0
0
8381
0
0
0
0
0
0
0
0
0
0
0
0
0
0
0
0
0
0
0
0
0
0
0
0
0
0
0
0
0
0
0
0
0
0
0
0
0
0
0
0
0
0
0
0
0
18010
0
0
0
18644
0
0
0
0
0
0
0
0
14201
0
0
0
0
0
0
0
0
0
0
0
0
0
0
10040
0
18403
0
0
0
0
0
0
0
0
0
0
0
0
0
11013
0
0
0
0
18637
0
0
0
0
0
0
0
0
0
0
0
0
0
0
0
0
0
0
0
0
0
0
0
0
0
0
0
0
0
0
0
0
0
0
0
0
24481
0
0
0
0
0
0
23777
0
0
23122
0
0
0
0
0
0
0
20300
0
0
0
0
0
0
0
0
10180
0
0
0
23169
14647
0
0
0
0
0
0
0
0
0
0
0
0
0
0
0
0
0
0
0
0
0
0
0
0
28930
0
0
0
0
0
0
0
0
20141
0
0
0
0
26823
0
0
0
0
0
0
0
0
0
0
17838
11528
0
0
0
0
0
0
0
12671
0
0
0
0
17051
0
0
0
0
0
0
0
0
0
0
0
18441
0
0
0
0
0
0
0
0
0
0
0
0
0
0
0
0
0
0
0
0
0
0
0
0
1418
0
0
0
11482
0
0
0
0
0
0
0
0
0
17642
0
0
21107
0
0
0
0
0
0
0
0
0
0
0
0
0
0
22273
13004
0
0
0
0
0
0
0
0
0
0
0
0
0
0
0
0
0
0
28358
0
0
0
0
0
0
0
0
0
0
0
0
0
0
0
0
0
22574
0
0
10020
0
0
0
0
0
0
0
0
0
0
0
0
0
0
0
0
0
0
0
0
0
0
0
0
0
0
0
0
0
0
0
0
0
0
0
0
0
0
0
0
0
0
0
0
0
0
33817
0
0
0
0
0
0
0
0
0
0
0
0
0
0
0
0
0
0
0
0
0
0
24814
0
0
0
0
0
0
0
18423
0
0
0
0
0
0
0
0
0
0
0
0
0
0
0
0
0
0
0
0
0
0
0
0
0
0
0
0
0
0
0
0
0
0
0
0
0
0
0
0
17939
0
0
0
0
0
0
0
0
0
0
0
0
0
0
0
0
0
33883
0
18135
0
0
0
0
0
0
0
0
20971
0
0
0
0
0
0
0
0
0
24015
0
0
0
0
0
0
0
0
0
0
0
0
0
0
0
0
0
0
0
0
0
0
0
0
0
0
0
0
30984
0
0
0
0
0
0
0
0
0
0
0
0
0
0
0
0
0
0
0
0
0
0
22033
25154
0
0
0
0
0
0
0
0
0
0
0
0
0
0
0
0
0
0
0
0
0
23648
0
35113
0
0
0
0
0
0
0
0
0
23009
0
0
0
0
0
0
0
0
0
0
0
0
29214
0
0
0
0
10606
0
0
0
0
0
0
0
0
0
0
22173
0
0
0
0
0
0
0
0
0
15427
0
0
18172
0
0
0
0
0
0
0
0
0
0
0
0
0
0
0
0
0
0
0
0
0
0
0
0
0
0
0
0
0
0
0
0
0
0
0
0
0
0
0
0
0
0
0
0
0
0
0
0
0
15828
22225
0
0
0
0
0
0
0
0
0
34061
0
0
0
0
0
0
0
0
0
0
0
19969
0
0
0
0
0
0
0
0
0
0
0
0
0
0
0
0
0
0
0
0
0
0
27809
0
0
0
0
0
0
0
0
0
0
0
0
0
0
0
0
0
0
0
10661
0
0
0
0
0
0
0
0
31398
0
0
0
9880
0
0
0
0
0
0
0
0
0
0
0
0
0
0
0
0
0
0
0
0
0
0
0
0
0
21164
0
0
0
0
1421
0
0
17648
0
0
0
0
0
0
0
0
0
0
0
0
0
0
0
10806
0
0
0
0
0
0
0
0
0
0
0
0
0
0
0
0
0
0
0
26914
0
0
0
0
0
0
0
0
0
0
0
0
0
0
0
0
0
0
0
0
0
0
0
0
0
0
0
0
0
0
0
0
0
0
0
0
0
0
10845
19000
0
0
0
0
0
0
0
0
0
0
24411
0
0
0
0
0
0
0
0
0
0
0
0
0
0
0
0
0
0
0
0
0
0
0
0
21477
0
0
0
0
0
0
0
0
0
23016
0
20759
20868
17038
0
0
0
0
0
0
0
0
0
0
0
0
20832
0
0
0
0
0
0
0
0
0
0
0
0
0
0
0
0
0
0
0
0
0
0
0
0
0
0
0
0
0
0
0
0
0
0
0
0
0
0
0
0
0
0
0
0
0
0
0
0
0
24760
17941
17018
0
0
0
0
0
0
0
12729
0
0
0
11012
0
0
0
0
0
0
0
0
0
0
0
0
0
0
0
0
0
0
28042
0
0
0
33602
0
0
18007
0
34626
0
0
0
16636
0
1306
19096
0
0
0
0
0
0
0
0
0
0
0
0
0
0
0
0
0
0
0
0
0
0
0
0
0
0
0
0
0
0
0
0
0
0
0
0
0
0
34261
0
0
0
0
9495
0
0
0
0
0
0
0
0
0
0
15207
0
0
0
0
0
0
0
0
0
0
0
0
0
0
0
0
0
12708
27766
0
0
0
0
0
0
0
0
0
0
0
0
0
0
0
0
0
0
0
0
18467
0
0
0
0
0
0
0
0
13400
0
0
0
0
0
0
0
0
0
0
0
0
0
0
0
0
0
0
0
0
0
0
0
0
0
0
0
0
0
0
0
0
0
0
0
0
0
0
0
0
0
18507
0
0
0
0
0
0
0
0
0
0
0
0
0
0
0
0
0
0
0
0
0
0
0
0
0
7914
0
0
0
0
0
11129
0
0
0
0
0
0
0
0
0
20609
0
0
0
0
0
0
0
0
0
0
0
0
0
0
0
0
28378
0
0
0
0
0
0
0
0
0
0
24962
0
0
0
0
0
0
0
0
0
0
0
0
0
0
0
0
0
0
0
0
0
0
20114
0
0
0
0
0
0
0
0
0
0
0
0
0
0
0
0
0
0
29594
0
0
29494
0
0
0
0
0
0
0
0
0
0
0
0
0
0
0
0
0
14718
0
0
0
0
0
0
0
0
0
0
0
0
0
0
0
0
0
0
0
0
0
0
0
0
0
0
0
0
0
0
0
0
0
0
0
0
0
0
0
0
0
32765
0
0
0
0
0
0
0
0
0
25130
0
0
0
0
0
0
16434
0
0
0
0
22650
0
0
0
0
0
0
0
0
0
0
0
0
0
0
0
0
0
0
0
0
15688
0
20162
11660
0
0
0
0
0
0
0
0
0
0
0
0
0
0
19264
0
0
0
0
0
0
0
0
0
0
0
0
0
0
0
0
0
25536
0
0
0
0
0
0
0
0
0
0
0
0
0
0
0
0
0
0
0
0
0
0
0
0
0
0
0
0
0
0
0
0
32854
0
0
0
0
0
0
0
0
0
22612
0
0
0
0
0
0
0
0
0
0
0
0
0
0
0
0
37216
0
0
0
0
0
0
0
0
0
0
0
0
0
10389
21999
0
0
0
0
0
0
0
0
0
0
0
0
0
0
0
0
0
0
0
0
34266
0
0
0
0
0
0
0
0
0
0
0
0
0
0
0
0
0
0
14291
17608
0
23639
0
0
0
0
0
0
0
0
0
0
0
0
0
0
0
0
0
22546
0
0
29478
0
0
0
0
31341
0
0
38168
0
0
0
0
0
0
0
11319
0
0
0
0
0
0
0
0
0
0
0
14323
0
0
0
0
14595
0
0
0
0
0
0
0
0
0
0
0
0
24548
0
0
0
0
0
0
0
0
0
0
0
0
0
0
0
0
0
0
0
0
0
21287
12886
0
0
0
0
0
0
0
0
0
0
0
0
0
0
16494
0
0
0
0
0
0
0
0
0
0
0
0
0
0
0
0
0
0
0
0
0
0
0
0
28479
24403
0
0
0
5176
0
0
0
0
0
18113
0
0
0
0
0
0
26236
18634
0
0
0
0
0
4125
0
0
0
0
0
0
0
0
0
0
0
0
0
0
12684
0
0
0
0
0
0
0
0
0
0
0
19090
0
19493
0
0
0
0
0
0
0
0
0
0
0
0
0
0
0
0
0
0
0
0
0
0
0
20531
0
0
0
0
0
0
0
0
0
0
7802
0
0
0
0
17598
0
0
28656
0
0
0
0
0
0
0
0
0
12589
0
0
0
0
0
0
0
0
0
0
0
0
0
0
0
0
0
0
0
0
0
0
0
0
0
0
0
9960
0
0
0
0
0
0
0
0
0
0
0
0
0
0
0
0
0
0
0
0
0
0
0
0
0
0
0
0
0
0
0
0
0
0
17076
0
0
0
0
0
0
0
14377
0
23220
0
0
0
0
0
0
0
0
0
0
0
0
0
20329
0
0
27457
0
0
0
0
28970
16067
0
0
0
0
0
0
0
0
0
0
0
0
18394
0
0
0
0
0
0
0
0
0
0
0
0
0
0
0
0
0
0
0
0
0
0
0
0
0
0
0
0
0
0
0
0
0
0
0
0
0
22007
0
0
0
0
0
0
10613
19397
0
0
0
0
0
0
0
0
0
0
0
0
0
0
0
0
0
0
0
0
0
0
0
0
0
9309
0
0
0
0
0
0
0
0
0
0
0
0
27738
0
11036
6807
0
0
0
0
0
0
0
6035
0
0
0
0
0
0
0
0
0
0
0
0
12795
0
0
0
0
0
0
0
0
0
0
0
0
0
0
15754
0
21463
0
0
0
0
0
0
0
0
0
0
0
0
0
25774
0
0
0
26517
0
0
0
0
0
0
0
0
0
0
0
0
0
0
0
0
0
0
0
0
0
0
0
0
0
0
0
0
15320
0
0
0
0
0
0
0
0
0
0
0
0
0
0
0
0
18534
0
0
0
0
0
0
0
0
0
0
0
0
0
0
17004
0
0
0
0
0
0
0
0
0
0
31533
0
0
0
0
0
0
0
0
0
0
0
0
0
0
0
1534
0
0
0
0
0
0
0
0
31392
16832
0
0
0
0
0
0
0
0
0
0
31661
0
0
0
0
0
0
0
0
0
0
24952
0
0
0
0
0
0
0
0
0
0
0
0
0
0
0
0
0
0
0
0
0
0
0
0
0
0
0
0
0
0
0
0
0
0
0
0
0
0
0
0
1346
0
0
0
0
0
0
0
0
0
0
0
0
18021
0
0
15960
0
0
0
31103
0
0
27281
0
0
0
10830
0
0
0
0
0
0
0
0
0
0
0
0
0
0
0
0
0
18303
0
0
0
9930
0
0
0
0
0
0
0
0
0
0
0
0
0
0
0
0
0
0
0
0
0
0
0
0
0
0
0
20125
0
0
0
18808
0
0
0
0
0
0
0
0
0
0
0
0
0
0
0
19524
0
0
0
0
0
0
0
0
0
0
0
0
0
0
0
0
0
0
15373
0
0
0
0
0
0
0
0
0
0
0
0
0
0
0
0
0
17978
0
0
0
0
32183
0
0
0
0
0
20637
0
0
0
0
0
25842
0
0
0
0
0
0
0
0
0
0
0
0
0
19147
0
0
0
0
0
0
0
0
0
0
0
16341
0
0
0
0
13400
0
0
0
0
0
0
0
0
0
0
0
0
0
0
0
0
0
0
0
0
0
0
0
0
0
0
0
0
0
0
0
0
0
0
0
0
0
9170
22219
0
0
0
10445
0
0
0
0
0
0
0
15345
0
0
0
0
0
18205
0
9583
0
19705
0
0
0
0
0
0
0
0
0
0
0
0
37260
0
0
0
0
0
0
0
5574
0
0
0
0
0
0
0
19932
0
0
33400
0
0
0
0
0
0
38813
0
0
0
0
0
0
0
0
0
0
0
0
0
0
0
0
0
22254
0
0
0
0
0
0
0
0
18106
0
0
0
12835
0
0
0
0
0
0
0
0
18062
0
0
0
0
0
0
0
0
0
0
0
0
0
0
0
0
0
0
0
0
0
0
0
0
0
0
0
0
0
0
0
0
0
0
0
0
0
0
0
0
0
21203
0
0
30627
0
0
0
0
0
0
0
0
0
0
0
0
0
0
0
0
22129
0
0
0
0
0
0
0
0
26631
0
0
0
0
0
0
0
0
0
0
0
0
0
0
0
16750
0
0
0
0
0
0
0
0
0
0
0
0
0
0
0
20286
0
0
0
0
0
0
0
0
0
0
0
0
0
0
0
14063
0
0
0
0
0
0
0
0
0
0
0
0
0
0
0
0
0
0
0
0
0
0
11235
0
0
0
0
0
0
0
0
0
0
0
0
0
0
19002
0
0
0
0
0
0
0
0
0
0
0
22140
0
0
0
29633
0
0
0
0
0
0
0
0
0
0
0
0
0
0
0
0
0
0
0
0
0
0
0
0
0
0
0
0
0
0
16980
0
0
0
0
13717
0
24218
0
0
0
0
0
0
0
0
0
0
0
0
0
0
0
13452
0
0
24946
0
0
0
0
0
0
0
0
0
0
0
0
0
0
0
0
0
0
0
0
0
0
0
0
24684
0
0
0
0
33755
0
0
0
0
0
0
0
0
0
0
0
0
0
0
0
0
0
0
0
0
0
0
0
0
0
0
19095
0
0
0
0
0
0
0
0
0
0
0
0
21183
0
0
0
0
0
0
0
0
0
14576
25655
20606
0
0
0
0
0
0
0
0
0
0
9706
0
0
0
0
0
0
0
0
0
0
0
0
0
0
0
0
19156
0
0
0
0
0
0
0
23154
0
0
0
0
0
0
0
0
0
20328
0
0
0
0
0
0
0
0
0
0
0
0
0
0
0
0
30284
0
0
0
0
0
0
0
21731
0
0
0
20008
0
0
0
0
0
0
27814
0
0
0
8655
0
0
0
0
0
0
18346
0
0
0
0
0
0
0
0
0
28859
24147
0
0
0
0
0
0
0
31092
0
0
0
0
0
0
11290
0
0
16913
8989
0
0
0
0
21482
0
29348
0
0
0
0
0
0
0
38692
0
0
0
0
0
0
0
0
0
0
0
0
0
0
0
0
18627
0
23805
14450
0
0
0
0
0
0
0
0
0
0
0
8436
0
0
0
0
0
0
0
0
19363
0
0
0
0
0
0
0
0
0
0
0
0
0
0
0
0
0
0
0
0
0
0
0
0
0
0
0
0
0
0
0
0
0
4166
0
0
0
0
0
0
0
0
0
0
0
0
0
0
0
20938
0
0
0
0
0
0
0
0
0
0
0
18298
0
0
0
0
0
0
0
0
0
0
10422
0
0
16247
0
0
0
0
0
0
0
0
0
0
0
0
0
0
0
0
0
0
0
0
0
0
0
0
0
0
0
0
0
0
0
0
0
0
0
0
33828
0
0
0
0
0
0
0
0
0
0
0
0
0
0
12935
0
0
0
0
0
0
0
0
0
0
10715
0
13881
0
0
0
0
0
0
0
0
0
20741
12823
0
0
0
0
0
0
0
0
0
0
0
11479
0
19265
0
0
0
0
0
0
0
0
0
0
0
0
0
0
0
0
0
0
0
0
0
0
0
0
0
0
0
0
0
0
0
0
0
0
0
0
0
0
0
0
0
23273
0
0
0
0
0
0
21621
0
0
0
11373
0
0
0
0
0
0
0
0
0
21594
0
0
0
0
0
0
15495
0
14527
0
0
0
0
0
0
0
0
33144
0
0
0
0
0
0
0
0
0
0
0
0
0
0
22599
0
19107
15761
0
0
0
17784
0
0
0
0
13561
0
0
0
0
0
13756
0
33389
0
0
0
0
0
0
0
0
0
0
0
20709
0
0
13928
0
0
0
0
0
0
0
0
0
0
0
0
0
0
0
0
0
0
0
0
0
12043
0
0
0
8401
0
0
0
0
0
10452
0
21706
0
0
0
0
0
0
0
0
0
0
0
0
0
0
0
0
0
0
0
0
0
0
0
0
0
0
31464
0
0
0
0
0
0
15875
0
0
0
21411
11969
22748
0
0
0
0
0
0
0
0
0
0
18210
0
0
0
0
0
0
0
0
0
0
0
0
0
0
0
18850
0
0
0
0
25257
0
0
0
0
0
0
21710
10081
0
0
0
0
0
22369
0
0
0
0
0
0
0
0
0
0
0
0
0
0
0
0
0
0
0
0
0
0
0
0
10729
0
0
0
0
0
0
0
0
0
0
0
0
0
0
0
0
0
0
0
0
0
10026
0
0
23259
0
0
0
6793
0
0
0
0
0
0
20934
0
0
0
0
0
0
0
0
0
0
0
0
0
0
0
0
0
0
0
0
0
0
0
0
7807
0
0
0
0
7900
0
0
0
0
0
0
0
27024
0
0
0
0
0
0
0
0
0
0
0
0
0
0
0
0
0
0
0
0
0
0
0
0
0
0
0
0
0
0
0
0
0
7127
0
0
0
0
0
0
0
21953
0
0
0
0
0
0
0
0
0
0
0
0
0
0
0
0
0
0
0
0
0
0
0
0
24820
0
19328
0
0
0
0
0
0
16034
0
0
0
17277
0
0
0
0
0
0
0
0
0
0
0
0
0
0
0
0
0
0
0
0
0
0
0
0
0
0
0
0
0
0
0
0
0
0
0
0
0
0
30395
0
0
0
0
0
0
0
0
0
0
0
0
18647
0
0
0
0
0
0
0
12913
0
0
0
0
0
0
0
0
0
0
0
0
0
0
0
0
0
17082
0
0
0
0
0
0
0
0
20601
0
0
0
0
0
0
0
0
0
0
0
0
0
0
0
0
0
0
0
0
0
0
14544
0
0
0
0
0
0
0
0
0
0
16134
0
0
22971
0
0
0
0
0
0
0
0
0
10048
0
0
0
0
0
0
0
0
0
0
0
0
0
0
0
27124
21037
0
0
0
0
0
28492
26348
0
0
0
0
9652
0
0
0
0
0
0
0
0
0
0
0
0
0
0
0
0
0
0
0
0
0
0
0
0
0
14492
0
9627
0
0
0
0
0
0
0
17057
0
0
0
0
20212
0
0
0
0
0
0
0
0
0
26931
0
0
0
0
0
0
29127
0
0
0
0
0
0
0
0
0
19582
0
18238
0
0
11427
0
0
0
0
0
0
0
0
0
0
0
0
0
0
0
0
0
0
0
0
0
0
0
0
26609
0
33438
0
0
0
0
19154
0
0
0
0
0
0
0
0
0
0
0
0
0
0
0
0
0
0
0
0
0
0
0
0
12774
0
0
0
0
0
0
0
0
0
0
0
0
0
0
0
19047
0
0
0
0
0
0
0
0
0
0
0
0
0
0
0
0
18220
0
26076
0
0
0
0
0
0
0
0
0
0
0
0
0
0
0
0
22113
0
0
0
16628
0
0
0
15321
0
0
0
0
0
0
0
0
0
0
0
0
0
0
0
0
13729
0
0
0
0
0
0
0
14065
0
0
0
0
0
0
0
0
0
0
0
0
0
0
0
0
0
0
0
0
0
0
0
0
0
0
34352
0
0
0
0
0
0
0
22672
0
0
0
0
0
0
0
0
0
0
0
12575
0
0
0
0
0
0
0
0
18295
0
0
0
32785
0
0
0
0
0
0
0
0
0
0
0
0
0
0
0
0
0
0
0
0
0
0
0
0
0
0
0
0
0
0
0
0
0
0
0
0
0
0
0
0
0
0
22883
0
0
0
0
0
0
0
0
0
0
0
0
0
0
0
0
0
0
0
0
0
0
0
0
0
0
0
1816
0
0
0
0
12769
0
0
0
0
0
0
0
0
0
0
0
0
0
17893
0
13054
0
0
0
0
14343
0
0
0
0
0
0
0
35113
0
0
0
0
0
0
0
0
0
0
0
0
0
0
0
0
0
31801
0
0
0
0
17574
0
0
0
0
0
0
0
0
0
0
0
0
0
0
10521
0
0
27077
0
13907
0
0
0
0
0
0
0
0
20095
0
0
0
0
0
0
0
0
24913
0
0
0
0
0
0
0
0
0
0
0
19809
0
0
28837
0
0
0
0
0
0
0
0
0
25697
15890
0
28337
0
0
24163
0
0
0
0
0
0
0
0
26291
0
0
0
0
0
0
0
0
0
29456
0
0
0
0
0
10445
0
0
0
0
0
17636
0
0
0
0
0
0
0
0
6869
27332
0
0
0
0
0
0
0
0
0
0
0
0
0
0
0
0
0
9405
0
0
0
0
0
18980
0
0
0
0
0
0
0
0
0
14950
0
0
0
0
0
0
0
0
0
0
0
0
0
0
0
0
0
0
0
21985
0
0
22577
0
18366
0
0
0
0
24096
0
0
0
0
0
0
0
0
0
0
0
0
0
0
0
0
0
0
0
0
0
0
0
0
0
0
0
18528
0
0
0
0
0
0
0
0
0
0
0
0
0
0
0
0
0
0
0
0
0
0
0
0
0
0
0
0
21427
0
0
0
0
0
0
0
0
21004
0
24721
0
0
0
0
0
0
0
0
0
0
0
0
0
0
0
19661
0
0
0
32223
0
0
0
21743
0
0
0
22748
0
0
0
0
0
0
0
0
0
0
0
0
0
0
0
0
0
0
0
0
0
0
0
0
0
21886
0
0
24564
31753
0
0
0
0
0
0
0
0
0
0
0
17872
0
0
0
0
0
0
0
0
0
0
0
0
0
0
0
0
0
0
0
0
0
0
0
0
0
0
0
0
0
0
0
0
0
0
0
0
0
0
0
0
0
6256
0
0
0
0
0
0
0
0
20095
0
0
0
0
0
0
0
0
0
0
0
17951
0
0
0
0
0
0
0
0
0
0
0
0
0
0
0
0
0
0
10848
0
0
0
0
0
0
0
0
0
0
0
0
0
0
0
0
0
0
0
0
0
0
0
0
0
0
0
0
0
0
0
28947
0
0
0
0
0
0
0
0
0
0
0
0
0
0
0
0
0
0
0
0
0
0
0
0
0
19599
0
0
0
0
0
0
0
0
0
0
0
0
0
0
0
0
26212
0
0
0
0
0
0
0
0
0
0
0
0
0
0
0
0
1225
0
0
0
0
0
11395
0
0
0
0
0
0
0
0
0
0
0
0
12610
0
0
0
0
0
0
0
0
0
0
0
28957
0
0
9924
0
0
19384
0
16576
0
0
0
0
0
0
0
14963
30185
0
0
0
0
0
0
0
0
0
0
0
0
0
20952
0
10522
0
0
0
0
0
0
0
0
0
0
0
0
0
0
0
0
0
18327
0
18332
0
0
0
0
0
0
12136
0
0
12433
0
0
0
0
0
0
0
23323
0
0
0
0
0
0
0
0
0
0
0
0
0
0
0
0
0
0
0
15333
0
0
18054
0
0
0
0
0
0
0
0
0
0
0
0
0
0
0
24344
0
0
16551
0
29035
0
0
32680
0
32308
0
0
0
0
0
0
0
27341
0
0
0
0
31374
0
0
0
18320
17722
0
0
0
0
0
0
0
0
0
0
0
33708
0
0
0
0
0
0
0
0
0
0
22180
20682
0
0
5494
0
0
0
0
0
0
0
0
0
0
0
0
6549
0
0
0
0
0
19589
0
0
30319
17827
0
0
0
0
0
0
0
26030
0
0
0
0
0
30921
0
0
0
0
0
0
0
0
0
0
0
0
0
0
0
0
0
0
0
0
0
0
0
0
0
0
0
0
0
0
0
14150
0
0
0
0
0
0
0
0
0
16383
0
0
0
0
0
0
17252
0
0
0
0
0
0
0
0
0
0
0
0
0
0
0
0
0
0
0
0
0
7690
0
0
0
0
0
30801
0
0
0
0
0
0
0
0
0
0
0
0
0
0
0
0
0
0
0
0
0
0
0
0
0
0
0
0
0
0
0
0
17339
0
0
0
0
22226
0
0
15957
0
0
0
0
0
0
0
0
0
0
0
0
1102
0
0
0
0
0
0
0
0
0
0
0
0
0
0
0
24738
0
0
0
0
0
0
0
0
0
18441
0
22942
0
0
0
0
0
0
0
0
14859
8821
0
0
0
0
0
29726
0
0
0
30003
0
22338
0
0
0
0
0
0
0
0
0
0
0
0
0
0
0
0
0
0
25644
0
21164
0
0
0
0
0
0
0
0
0
0
0
0
18761
0
0
0
0
0
0
0
0
0
0
0
0
15735
35570
0
0
0
0
0
0
0
0
0
11972
0
0
0
0
0
14687
0
0
0
0
0
0
0
0
0
0
13038
0
0
0
0
0
0
26142
0
0
0
0
0
0
0
0
0
18387
0
0
0
0
0
0
0
0
0
0
0
0
0
0
0
0
0
0
0
0
0
0
0
0
0
0
0
0
0
0
0
0
0
0
0
0
0
0
0
0
0
18860
29049
0
0
0
0
0
0
0
0
0
0
0
21550
0
0
0
0
0
0
0
0
0
0
0
0
19149
0
0
0
0
0
0
10851
0
0
0
0
0
0
0
0
0
0
0
0
0
0
0
0
0
0
0
0
0
0
0
0
21078
0
0
0
0
0
0
0
0
0
0
0
0
0
0
0
0
0
0
9869
0
0
0
0
0
0
0
0
0
0
0
0
0
0
22439
0
0
0
0
0
0
0
0
0
0
0
0
0
5191
0
12632
0
14736
0
0
0
0
0
0
0
0
0
0
0
0
0
0
16238
0
0
0
0
0
0
0
0
0
0
0
0
0
0
0
0
0
0
0
0
0
0
0
0
0
0
0
0
0
0
0
0
0
0
0
22598
0
0
0
0
0
0
0
0
0
0
0
0
0
0
0
0
0
0
0
0
0
0
0
0
0
0
0
0
0
0
0
0
0
10110
0
0
0
0
0
0
0
0
0
0
0
0
21412
0
0
0
0
0
13927
0
0
0
0
0
0
0
0
0
0
0
0
0
17895
0
0
0
0
0
0
0
0
0
0
0
0
0
0
0
31459
0
0
0
0
0
0
0
0
0
0
0
0
0
0
0
0
21288
0
0
0
0
0
0
0
0
0
0
0
0
0
0
0
0
0
0
0
0
0
0
0
0
0
0
21758
0
0
0
0
1440
0
27102
0
0
0
0
18675
0
0
0
0
0
0
0
0
0
18549
0
0
0
0
0
0
0
0
0
0
0
0
34835
0
0
0
0
0
0
0
0
16944
0
0
0
0
0
0
0
0
0
0
0
0
0
0
18876
0
0
0
0
0
0
25306
0
0
0
0
0
0
0
0
0
0
0
0
0
0
0
0
0
0
0
0
0
0
0
0
0
19569
0
0
0
0
0
0
0
0
0
0
0
0
0
0
0
0
0
9891
0
0
0
0
0
0
24137
0
0
0
0
0
0
0
0
0
0
0
0
0
0
14817
12404
0
0
0
0
0
0
0
26621
0
20897
12188
0
0
0
0
0
0
0
28548
0
0
0
0
0
0
0
0
0
0
0
0
0
0
0
0
16837
0
0
0
0
0
0
0
0
0
0
0
0
0
0
0
0
21692
0
0
0
0
0
0
0
0
0
0
0
0
0
19139
0
0
0
0
0
0
0
0
0
0
6658
0
0
0
0
18881
16093
0
21841
0
0
0
0
0
0
0
0
0
0
0
0
0
0
0
0
0
0
0
0
0
0
0
0
0
0
0
0
0
0
0
0
0
0
0
0
0
0
0
0
0
0
0
0
23164
0
0
0
0
0
0
0
0
0
0
0
0
0
0
0
0
0
0
0
0
0
0
0
25154
0
0
0
0
0
0
0
0
14279
0
31362
0
0
0
0
14674
0
0
0
0
0
0
0
0
0
0
0
0
0
0
0
0
0
0
0
0
0
0
0
0
0
0
0
0
0
0
0
0
0
22232
0
9949
9759
31847
19973
0
0
0
0
0
0
0
0
0
0
0
0
0
0
0
0
0
0
0
0
0
0
0
0
0
0
0
0
36067
0
0
0
0
0
0
0
0
0
0
0
0
0
0
0
0
0
0
0
0
0
0
0
16674
1090
0
0
8572
0
0
14634
0
0
0
0
0
0
0
0
0
0
0
0
0
0
17156
0
0
0
0
0
0
0
0
0
0
0
0
0
0
17129
0
0
0
11947
0
0
0
0
0
0
0
0
0
0
0
0
0
0
0
0
0
0
0
0
0
0
0
0
0
0
0
0
0
0
0
0
0
0
0
0
0
14675
0
0
0
0
0
0
0
0
0
0
0
0
0
0
0
16557
0
0
0
0
0
0
0
0
0
0
0
0
0
0
0
0
0
0
0
24788
0
0
0
0
0
0
0
0
0
16054
0
0
0
0
0
0
0
0
21358
0
0
0
0
0
0
0
0
0
0
0
0
0
0
0
0
0
0
0
0
0
0
18553
0
0
0
0
0
0
0
0
0
0
19354
0
0
0
0
0
0
0
0
0
0
0
0
0
0
0
0
0
0
27561
28381
0
0
21792
0
0
0
0
0
0
0
23401
0
0
0
0
0
0
0
0
0
0
0
0
0
0
0
0
0
0
0
0
0
0
0
0
0
0
0
0
0
0
0
0
10434
0
0
0
20743
0
0
0
0
0
0
0
0
0
0
0
0
0
17492
0
20326
0
0
0
0
0
0
0
0
0
22628
0
0
0
0
0
0
0
0
0
0
0
0
0
0
0
0
0
0
0
18480
18422
0
0
0
0
0
0
0
0
21085
0
0
0
0
0
0
0
0
0
0
23537
0
0
0
0
0
0
0
0
0
0
0
0
0
0
0
0
0
19185
0
0
0
0
0
0
0
0
0
27251
0
0
0
0
0
0
0
0
0
0
0
0
0
0
0
0
17137
0
0
0
0
0
0
0
0
0
0
0
0
0
0
0
0
0
0
0
0
14473
0
0
0
0
0
0
0
0
0
0
0
0
34366
31138
0
0
0
0
0
0
0
0
0
0
0
0
0
0
0
8961
0
0
0
27267
0
0
0
0
0
19177
0
0
0
0
0
0
0
0
0
0
13176
0
0
0
0
0
0
0
0
0
0
0
0
0
0
0
0
0
0
0
0
0
0
0
0
0
0
0
0
0
0
19454
0
0
0
0
15950
0
0
0
0
0
22029
11214
0
0
0
0
0
0
0
16017
0
0
0
0
0
0
23070
0
0
0
0
0
0
0
0
0
0
0
0
0
0
0
0
0
0
0
0
0
0
0
17682
0
31344
0
0
0
0
0
17071
0
0
0
0
0
0
0
0
0
0
0
0
24973
0
0
0
0
0
0
3641
0
17017
0
0
0
0
0
18072
0
0
0
0
0
0
20056
0
0
0
0
0
0
0
0
0
25140
0
0
0
0
0
0
0
0
0
0
0
24551
0
9942
0
0
0
0
0
0
0
0
0
0
0
0
0
0
0
0
0
0
0
0
0
0
0
0
0
0
0
0
0
0
0
0
0
26548
0
0
0
35238
0
0
0
0
0
20621
0
0
0
0
0
0
0
0
0
0
0
0
0
0
0
17459
0
0
9443
0
0
0
0
0
19040
0
0
0
0
0
0
0
0
0
0
0
0
0
0
0
0
0
0
0
0
0
0
0
0
0
0
0
0
0
0
0
0
0
0
0
0
0
0
0
0
0
0
0
0
0
0
0
0
0
0
0
0
0
0
0
0
0
0
0
0
0
0
0
0
0
0
0
0
0
0
0
0
0
0
0
0
0
21835
0
0
0
0
0
0
0
0
0
0
0
0
0
0
0
0
0
0
0
0
10561
0
0
0
0
0
0
31696
0
0
0
0
0
0
0
0
0
0
0
0
0
0
0
0
0
0
0
0
0
29279
0
0
0
0
0
0
0
0
0
0
0
0
0
0
0
0
0
0
33615
0
0
0
0
0
0
14188
0
0
0
0
0
0
0
0
0
0
0
0
0
27801
0
0
0
0
0
0
0
0
0
0
0
0
0
0
0
0
0
0
0
0
0
0
0
0
0
0
0
0
18384
0
0
0
0
0
0
0
0
0
0
0
0
0
0
0
0
0
0
13696
0
28548
0
0
0
0
0
0
0
0
22742
0
24306
0
0
0
0
0
0
0
33467
0
0
0
0
0
0
0
0
0
0
0
0
0
0
0
0
0
0
0
0
0
0
0
18382
0
0
0
0
0
0
0
0
14758
0
0
0
0
0
0
0
0
0
14262
0
0
0
0
0
22244
21125
0
0
0
0
0
0
0
23431
0
23004
0
0
0
0
0
0
0
0
19526
0
13376
0
0
0
0
0
0
0
24945
0
0
0
0
0
0
0
0
0
0
0
27362
0
0
0
0
0
0
0
0
0
0
0
0
0
0
0
0
0
0
0
0
0
0
0
0
0
0
0
0
0
0
0
0
0
0
31735
0
0
0
18398
0
0
0
0
0
0
0
1312
0
0
0
0
0
0
0
0
0
0
0
0
0
0
0
0
0
0
0
0
0
0
0
0
19349
8950
0
0
0
0
0
0
0
0
0
0
0
0
0
0
0
0
0
0
0
0
0
26498
0
0
0
0
0
0
0
0
9482
0
0
0
0
0
0
0
0
0
0
0
0
0
0
0
0
0
0
0
0
0
0
0
0
0
0
0
0
0
32676
0
0
0
0
0
0
0
0
0
0
0
15465
0
0
0
0
0
0
0
0
0
0
0
0
20139
0
0
0
0
0
0
0
0
0
0
0
0
0
0
0
0
0
0
0
0
0
0
0
0
0
0
0
0
0
0
0
0
0
0
0
0
0
0
0
0
0
0
0
0
0
0
0
0
0
0
0
0
0
0
0
0
0
0
0
0
0
0
0
0
28454
0
0
0
0
0
0
0
0
0
0
0
0
0
0
0
0
0
0
0
0
21860
0
0
0
0
0
0
0
0
0
0
0
0
0
0
0
0
0
0
9576
0
0
0
0
0
0
0
0
0
26165
3933
0
0
24035
0
0
0
0
0
0
24979
0
0
0
0
0
0
24910
0
0
0
0
0
0
0
0
0
0
0
0
0
0
0
27344
0
0
0
0
0
0
0
0
0
0
0
0
0
0
0
0
0
0
0
0
15652
0
0
21833
0
0
0
0
0
0
0
0
0
32257
0
0
31982
0
14291
0
0
16150
0
0
0
0
0
0
0
0
0
0
0
0
0
0
0
0
0
0
0
0
0
0
0
0
0
0
0
0
0
0
0
0
0
0
0
0
0
0
0
0
0
0
0
0
0
0
0
0
0
0
0
0
0
0
0
0
24350
0
0
0
0
0
0
0
0
10920
0
0
0
0
0
0
0
0
0
0
28491
0
0
0
0
0
0
0
0
0
0
18773
0
0
0
0
0
0
0
0
0
0
0
0
0
0
0
0
28135
0
0
0
0
0
0
0
21629
0
0
0
0
0
0
0
0
0
0
0
0
0
0
0
0
0
0
0
0
0
16283
0
11384
0
0
0
0
0
0
0
0
0
0
0
0
0
0
0
0
0
27069
0
0
0
0
0
0
0
0
0
0
0
0
0
0
0
0
0
0
23061
0
0
0
0
0
0
0
0
0
0
0
0
0
0
21718
0
0
0
0
0
0
0
13757
0
0
0
0
0
0
0
0
0
30698
0
0
0
0
0
0
0
0
0
0
0
0
0
0
0
0
17346
0
0
0
0
0
0
13450
0
0
0
0
0
0
0
0
0
0
0
0
0
8969
0
0
0
0
0
0
0
0
22906
0
0
0
0
0
9297
0
0
0
0
0
0
0
0
0
0
0
0
0
28382
0
0
0
0
0
0
0
0
0
0
0
11802
0
0
0
18492
0
0
0
0
0
0
0
0
0
0
0
0
0
0
28452
0
0
0
0
0
0
0
0
0
16067
17137
0
0
0
0
0
0
0
0
0
0
0
0
0
17310
0
0
0
29542
0
0
0
0
0
0
0
0
0
0
0
0
33037
0
0
0
1206
0
0
0
0
30087
0
0
0
0
0
0
0
0
0
0
0
0
0
0
0
0
0
0
0
0
0
0
0
0
0
0
0
0
0
0
0
0
0
0
0
0
0
0
0
0
0
0
0
0
0
0
0
0
0
0
0
0
0
0
0
26184
0
0
0
0
0
0
0
0
0
0
0
0
0
0
0
0
0
32655
0
0
0
0
0
0
0
0
0
0
0
0
0
0
0
0
0
0
0
19260
21501
0
0
0
0
0
0
0
0
0
0
0
0
0
0
0
0
0
22853
0
0
0
0
0
0
0
0
0
0
0
0
0
0
19375
0
0
0
0
0
0
0
0
0
16591
0
0
0
0
0
0
0
14626
0
0
0
0
0
0
0
0
0
0
0
0
0
0
0
0
0
0
0
0
0
0
0
0
18880
0
17100
0
0
0
0
17180
0
0
0
0
0
0
0
0
0
0
0
0
0
0
0
0
0
0
0
0
0
0
0
0
0
0
0
0
0
0
0
0
0
0
0
0
0
12797
0
0
0
0
0
0
0
19412
0
0
0
0
0
0
0
0
0
0
0
12495
0
31478
0
0
28320
0
0
0
0
0
0
0
0
0
0
0
11621
0
0
0
0
0
0
0
0
0
0
0
0
0
0
0
0
0
0
0
9312
0
22246
0
0
0
0
0
0
0
0
0
0
0
0
0
0
0
18564
0
0
0
0
0
0
0
0
0
0
0
0
0
0
0
20339
0
22815
0
0
0
0
0
0
0
0
0
0
0
0
0
0
0
0
0
28815
0
0
0
0
0
0
0
0
0
0
0
0
0
0
0
0
0
0
0
0
0
0
0
20029
0
0
13389
0
23421
0
0
0
0
0
0
0
0
10938
14868
0
0
0
0
0
0
0
0
0
0
0
0
0
0
0
0
0
22530
0
0
0
0
0
0
0
0
0
0
0
0
0
0
0
0
0
0
0
0
17414
9629
0
10850
0
0
0
0
0
0
0
0
0
0
0
0
0
0
0
0
0
0
0
0
0
0
0
0
0
0
0
0
25202
0
0
0
0
0
0
0
0
0
0
0
0
18483
0
0
0
0
0
0
0
0
0
23062
0
0
32553
0
0
0
0
0
0
0
0
0
19408
0
0
0
0
0
0
0
0
0
0
0
0
0
0
0
0
0
0
0
0
0
0
0
0
17201
0
0
0
0
0
0
0
0
0
0
0
22694
0
0
0
0
19890
0
0
0
0
0
0
18692
0
0
0
0
21745
0
16108
0
1694
10866
0
0
0
0
8490
0
0
0
0
0
0
4294
15426
0
0
0
0
0
0
0
0
0
0
0
0
0
0
21785
0
0
0
0
0
0
0
0
0
0
0
0
0
0
16355
0
0
0
0
0
0
0
0
0
0
0
0
0
14172
0
0
0
0
0
1468
0
0
0
0
0
0
0
0
0
0
0
0
0
0
0
0
0
0
0
0
0
0
0
0
0
0
0
0
0
0
0
0
0
21462
0
0
0
0
21289
0
0
0
0
17795
0
0
0
0
0
0
0
0
0
0
0
0
0
0
0
0
0
0
11331
0
0
0
0
0
0
0
0
0
0
0
0
0
24324
0
22171
0
0
10012
0
0
15455
0
0
0
0
0
0
0
0
34800
0
0
0
0
0
0
0
0
21609
0
0
0
0
0
0
14804
0
0
0
18057
0
0
0
0
0
0
0
0
0
0
0
0
0
0
0
0
0
0
0
0
0
0
0
0
0
0
0
0
0
0
0
0
0
0
0
10966
0
0
0
0
19142
0
0
0
0
27356
0
0
12133
0
0
0
0
0
0
0
0
0
15111
0
0
0
0
0
0
0
0
0
0
0
0
0
0
0
0
9770
0
20428
0
0
0
0
0
18192
0
0
0
0
0
0
0
0
0
0
0
0
0
0
0
0
0
0
0
0
0
0
0
0
0
0
0
0
0
0
0
0
0
0
0
0
0
0
0
16400
0
0
0
0
0
0
0
0
0
0
0
0
0
0
0
13042
0
0
0
0
0
0
0
0
0
0
0
0
0
0
0
0
0
0
0
0
0
0
0
0
0
0
0
0
0
0
0
0
0
0
0
0
0
0
0
0
27001
19414
0
0
0
0
17183
0
0
0
0
0
0
0
0
0
0
12830
0
0
0
0
0
0
0
0
0
0
0
0
0
0
0
0
0
0
27330
0
0
0
0
0
0
0
0
0
15575
0
0
0
0
0
17985
0
0
0
0
0
0
0
0
0
0
0
0
0
0
22469
0
0
0
0
0
0
0
0
0
0
0
0
0
0
0
0
0
0
0
0
0
0
0
0
0
0
0
24072
0
0
0
0
0
0
0
0
0
0
0
0
0
0
0
0
0
0
0
0
0
0
0
0
0
0
0
0
0
0
0
19546
0
0
0
0
0
0
0
4458
0
0
0
0
0
0
0
0
0
0
0
0
0
0
0
0
0
0
0
0
0
21618
0
0
0
0
0
14975
0
0
0
0
0
0
0
0
0
0
0
0
0
0
0
0
0
0
0
0
0
0
0
0
0
0
0
0
0
0
0
0
0
0
0
0
0
0
0
0
0
0
0
0
0
0
0
0
0
0
31201
0
0
0
11821
14203
0
0
0
20747
0
0
0
28639
0
0
0
0
0
0
0
0
0
0
0
0
0
0
0
0
0
0
0
0
0
0
0
0
0
0
26159
0
28829
0
0
0
0
0
0
0
0
0
0
0
0
0
0
0
0
0
0
0
0
0
0
0
0
0
0
0
0
0
0
0
0
0
0
0
0
0
0
0
0
0
0
0
0
0
0
0
0
0
29315
0
0
0
0
10439
0
0
0
0
0
0
0
29141
0
0
0
0
0
0
0
18719
0
0
0
0
0
0
0
0
0
0
0
0
0
0
0
0
0
0
0
0
0
0
0
0
0
0
0
24383
0
0
0
0
0
0
0
0
0
0
0
0
0
0
0
0
0
0
0
8911
0
30395
0
0
0
0
0
0
0
0
0
18043
0
0
14110
0
0
0
0
0
0
0
19919
0
0
0
0
0
0
0
19468
0
0
0
0
0
0
0
0
0
0
0
0
0
0
0
1083
0
0
0
0
0
0
0
0
0
0
0
0
0
0
0
0
0
0
0
0
0
0
0
0
0
0
0
0
0
0
0
0
0
0
0
0
24023
0
0
0
0
0
12190
7896
0
0
0
28389
0
0
0
0
0
0
0
0
0
0
0
0
0
0
0
0
0
28440
0
0
0
0
0
0
0
8746
0
0
0
0
0
0
0
0
0
0
30789
0
0
0
0
0
0
0
0
0
0
0
0
0
0
0
0
0
0
0
0
0
0
0
0
0
0
0
0
0
0
0
0
0
0
0
0
0
0
0
0
0
0
0
0
0
0
0
27903
0
0
0
0
0
0
0
0
0
0
0
0
0
0
25810
14713
0
11394
0
0
0
0
0
0
0
0
0
0
0
0
0
0
0
20386
0
0
0
0
0
0
0
0
0
0
0
0
0
0
0
0
0
0
0
0
0
0
0
0
0
0
0
0
0
0
0
0
0
0
0
0
0
17701
0
0
12317
0
15435
0
0
0
22725
0
0
0
14886
0
0
0
0
0
0
0
0
0
12868
0
23364
0
0
20786
0
0
0
17551
0
0
0
0
0
0
0
0
20472
0
0
0
0
0
0
0
0
0
0
0
0
0
0
0
0
0
7929
0
0
0
0
0
13228
0
0
26557
21665
0
0
0
0
0
0
0
0
0
0
0
11343
0
0
0
0
0
0
0
0
0
0
0
0
0
0
0
0
0
17331
0
0
0
0
0
0
0
0
0
0
11453
0
0
0
0
0
0
0
0
0
22033
0
0
0
0
0
30076
0
37165
0
0
0
0
0
0
0
0
0
0
0
0
0
0
0
0
0
0
0
19026
0
0
0
0
0
0
0
0
0
0
0
0
0
0
15508
0
15493
0
0
0
0
0
0
0
0
0
0
0
0
0
10669
0
0
0
0
0
0
0
0
0
0
0
0
0
0
0
0
0
0
0
0
0
0
0
0
0
0
0
0
0
0
32005
0
0
0
33905
0
0
0
0
0
0
0
0
0
0
0
0
0
0
0
0
21376
0
16609
0
0
0
0
0
0
24451
0
20454
0
0
23493
0
0
0
0
0
0
0
19229
32194
0
0
0
0
35416
18277
0
0
0
0
0
0
0
0
0
0
0
0
0
0
0
0
0
0
0
0
0
0
0
0
0
0
0
0
0
0
0
0
0
0
0
0
0
0
0
0
0
0
20108
0
0
0
0
0
0
0
0
0
0
0
0
0
0
0
0
0
0
0
0
0
0
0
0
0
0
0
0
0
0
0
0
0
0
0
0
0
0
0
0
0
0
0
0
0
0
0
0
0
0
0
0
0
0
0
18834
0
0
0
0
21311
0
11285
0
0
0
0
0
0
0
0
0
28167
0
0
0
0
0
0
0
0
20655
0
0
0
0
0
0
31544
0
0
0
4272
0
0
0
0
0
0
0
0
0
0
0
0
0
0
0
0
0
0
0
0
0
0
0
0
0
0
0
0
0
0
0
0
0
0
18057
0
0
0
0
0
0
0
0
0
0
0
0
0
0
0
11941
0
18603
0
0
0
0
0
8824
0
10567
0
0
0
0
0
0
0
0
0
0
0
0
0
0
0
0
0
0
12779
0
0
0
0
0
0
0
0
0
0
20656
0
0
0
0
0
0
0
0
0
0
12639
0
10084
0
0
0
0
0
0
0
0
0
0
0
0
0
0
0
0
0
0
0
0
0
0
0
0
0
0
0
0
0
0
0
0
0
0
29555
0
0
0
0
0
0
0
12063
0
0
20713
0
0
0
21786
0
0
0
0
0
0
0
0
0
0
0
0
0
0
0
0
0
0
0
0
14008
0
0
0
0
0
0
0
0
0
0
0
0
0
0
0
0
0
0
0
0
0
0
0
30836
0
11886
0
0
0
0
0
0
0
0
0
0
0
0
0
0
0
0
0
0
0
0
0
0
0
0
0
0
0
0
0
0
0
0
23946
0
0
0
0
10230
0
0
10092
0
27101
0
0
0
13419
0
16152
0
0
0
0
0
0
0
0
0
0
0
0
0
18739
0
0
0
0
0
0
12203
0
0
0
0
0
0
0
0
0
0
0
0
0
0
0
0
0
0
0
0
0
0
0
0
25036
32818
0
0
0
0
27730
0
16492
13346
0
0
0
0
0
0
0
0
0
22956
0
0
0
0
0
0
0
15607
10933
0
0
0
0
0
0
0
0
0
0
0
12633
0
0
0
0
0
0
0
0
0
0
0
0
0
0
0
0
21876
0
0
0
0
0
0
0
0
0
0
0
0
0
0
0
0
0
0
0
0
0
0
0
0
0
0
0
0
0
0
0
0
0
0
0
0
0
0
21903
0
0
0
0
0
0
8183
0
0
0
0
0
0
0
0
0
0
0
0
0
0
0
0
0
0
0
0
0
0
0
0
0
0
0
0
0
0
0
0
0
0
0
0
0
0
0
0
0
0
0
0
0
0
0
0
0
0
0
0
0
0
0
0
0
0
0
0
0
0
0
0
0
0
0
0
0
0
28514
0
0
0
0
0
0
0
0
0
22550
0
0
0
0
0
0
19669
0
0
0
0
0
0
0
22859
0
0
0
0
0
0
0
0
0
0
0
0
0
0
0
0
0
0
0
0
0
0
0
0
0
0
0
0
0
0
0
0
0
0
0
0
0
0
0
0
0
0
0
0
0
0
0
0
0
0
0
0
0
9514
0
0
30586
0
0
0
0
0
33084
0
0
0
0
0
0
0
0
0
0
0
0
0
0
0
0
0
0
0
0
0
0
0
0
0
0
0
0
0
0
0
0
0
0
9717
0
0
0
14739
0
0
0
0
0
13450
0
0
0
0
0
0
23611
23022
0
0
0
0
0
0
0
0
0
17873
0
0
0
0
0
0
0
0
0
0
0
0
0
0
0
0
0
0
0
0
0
0
0
0
0
0
0
0
0
0
0
0
0
0
0
0
0
0
0
0
15890
0
0
0
0
0
8945
10080
0
0
0
0
0
0
0
0
0
0
0
0
0
0
0
0
0
0
10459
0
0
0
0
0
0
0
0
0
0
0
0
0
0
0
0
0
0
0
0
0
0
0
0
13656
0
0
0
0
0
13663
0
0
0
0
0
0
21659
0
0
0
0
0
0
0
0
15408
0
0
0
0
0
0
0
0
0
0
0
0
20497
0
0
0
0
32055
0
0
0
0
0
10053
20797
0
0
11855
0
0
0
0
0
0
0
0
0
0
0
29355
0
0
0
0
0
0
0
0
0
0
0
22025
0
0
0
0
0
0
0
0
0
0
0
0
0
0
0
0
0
0
0
15075
0
31480
0
16836
0
0
0
0
20499
19477
0
0
0
0
0
0
24213
27939
0
0
0
24006
0
0
0
0
0
0
0
0
0
5028
0
0
0
0
0
0
0
0
0
0
0
0
0
0
0
0
0
0
0
0
0
0
0
0
0
0
0
0
0
0
0
0
0
0
11905
0
0
0
0
0
0
0
0
0
0
0
0
0
0
0
0
0
0
0
0
0
0
0
0
0
0
0
0
0
0
0
0
0
0
0
0
0
0
0
0
0
0
0
0
0
0
0
0
0
0
0
0
0
0
0
0
0
0
0
0
0
0
0
17217
0
0
0
0
0
0
0
0
0
0
0
0
0
0
0
0
0
0
0
0
0
0
0
0
27692
0
0
0
0
0
0
0
0
0
0
0
0
0
0
0
0
0
0
0
0
2042
0
21220
0
0
13372
0
0
0
0
0
0
0
0
0
0
0
0
0
0
0
0
0
0
0
0
0
1206
0
0
18817
0
0
0
0
0
0
0
0
0
0
0
0
21241
0
0
0
0
0
0
0
0
0
0
16577
22029
0
0
0
0
0
0
0
0
0
0
0
13713
0
0
0
0
0
21281
0
0
18648
0
0
0
0
0
0
0
0
0
10120
0
0
0
0
0
0
0
0
14047
0
0
0
0
0
0
0
26549
0
0
19525
0
28942
0
0
0
0
0
0
0
0
18954
23437
30307
0
0
0
0
0
0
0
0
0
0
0
0
0
0
0
0
0
0
0
0
0
0
0
0
23213
0
0
0
0
27899
0
0
0
0
0
0
18070
27331
0
0
0
0
0
0
25413
0
0
0
0
0
0
0
0
0
0
0
0
0
0
0
0
17883
0
0
0
0
0
0
0
0
0
0
0
0
0
0
0
0
0
0
0
15653
0
0
0
0
0
21840
0
0
0
0
0
0
0
10102
0
31022
0
0
0
0
0
0
0
0
17722
20091
0
0
0
0
0
0
19589
24603
0
0
0
0
0
0
0
10606
0
0
0
0
0
0
10304
14252
0
0
0
0
0
0
0
0
0
0
0
0
0
0
28534
0
0
0
0
0
0
0
0
0
0
0
0
0
0
0
0
0
0
0
0
0
0
0
0
0
0
0
0
0
0
0
0
0
0
0
0
0
0
0
0
0
0
0
17995
22524
0
0
0
0
0
0
0
0
0
0
0
0
0
0
0
0
0
0
0
0
0
15874
34334
0
0
0
0
0
0
0
0
0
0
0
0
0
0
0
0
16356
0
0
0
0
20531
0
0
0
0
0
0
0
0
0
0
0
10125
0
0
0
0
0
0
0
0
0
0
0
0
0
0
0
0
0
0
0
0
0
0
0
0
0
0
0
0
32431
0
0
0
0
0
0
0
0
0
20792
0
0
0
0
0
0
0
0
0
0
0
0
0
0
0
0
0
0
0
23049
1443
0
0
0
0
19671
0
0
17540
0
0
0
0
0
0
0
0
0
0
0
0
10758
0
0
0
0
0
0
0
0
0
0
0
21512
0
0
0
0
0
0
0
0
0
0
0
0
0
0
0
0
0
0
0
0
0
0
0
0
0
22620
20303
0
0
0
0
0
0
0
0
0
0
0
0
0
0
0
0
0
0
0
18298
0
0
0
0
0
0
0
19357
0
0
0
0
0
0
0
23428
0
0
0
0
25992
0
0
0
0
25044
20584
0
0
0
0
0
31708
0
0
0
0
0
0
0
0
0
0
0
0
0
0
29591
0
0
0
0
0
0
0
0
20731
0
0
0
0
0
0
0
0
0
0
0
0
0
13600
0
0
0
0
0
0
0
0
0
0
0
0
0
0
0
0
0
0
0
18508
0
0
0
0
0
0
0
0
0
0
0
19471
0
0
0
0
0
0
0
2025
0
0
0
0
15706
0
0
11779
0
0
0
0
0
0
0
0
0
0
0
0
0
0
0
0
0
0
0
0
0
19482
0
0
0
0
0
0
0
15291
0
28905
0
20460
0
0
0
0
0
0
0
0
0
0
0
0
0
0
0
0
0
0
0
0
0
0
0
0
0
0
0
0
0
0
0
0
0
0
0
0
0
0
0
0
0
0
0
0
0
0
0
0
0
0
0
0
0
0
0
0
0
0
0
0
0
0
0
0
10287
0
0
0
23043
0
0
0
0
0
0
0
0
0
0
0
0
0
0
26705
0
0
0
0
0
0
0
0
32554
0
0
11878
0
0
0
27561
0
0
0
0
16916
32397
0
0
0
11591
0
0
0
0
0
31331
0
0
0
