91
10382
294
356
33
13303
771
138
17270
138
11
9
97
151
1960
84
683
2
317
1093
143
582
36
1162
16175
302
178
2927
222
5212
1
13204
888
6
175
4050
1080
195
112
693
187
484
146
162
247
9
2
110
5444
729
7
4
14
8269
17
289
5
6788
10849
98
505
204
59
9572
885
3
130
716
1
121
7320
8161
11966
201
633
58
14
12955
41
128
142
9021
4
2265
11184
226
154
5
4190
262
355
73
68
8634
7167
9
351
197
162
17766
12155
667
11
141
190
9362
27
11020
207
10
61
1102
167
4
15413
204
119
12697
205
5
124
118
156
262
4
2
14629
10615
339
11259
181
1135
720
968
115
180
180
4
153
343
2
6586
88
500
7
4
15
45
1274
3318
13
374
10090
1349
9605
302
12
7132
32
164
1
2
631
15686
63
426
65
10425
2
97
9968
17713
12
112
57
907
210
11352
450
5
414
80
214
96
87
5977
12
16979
251
84
12431
86
497
334
973
14352
20
743
307
13
510
98
13578
63
29
215
11286
219
217
2109
3
4
270
8092
80
395
5
3
9129
1303
130
13
13
135
114
96
6
4589
9
979
287
82
1832
2112
48
289
91
407
922
6
992
6585
12915
17
446
14
13157
55
89
72
10479
1135
394
5203
290
903
227
1225
11838
1483
5
13375
67
5858
4203
7274
7160
387
1196
50
12
113
14510
355
64
3
11388
280
13405
12548
12004
2
1203
41
1617
10240
564
4487
77
111
3660
155
933
12061
1
88
1158
163
176
120
74
1172
2337
7
13561
1329
18
236
1390
172
402
1770
14
284
877
7
49
2
14
12015
217
371
45
148
128
43
14
507
66
735
46
72
98
9
81
67
103
300
153
5
166
655
3097
22
48
461
2
82
113
13
13
8
70
53
148
79
14304
313
9877
13072
9916
6
363
119
466
179
6
272
363
90
1158
84
10018
161
13
10127
9939
10070
11203
1678
10246
674
263
103
237
134
680
19
1
3274
1
315
176
29
97
8
3797
6954
199
12755
11444
889
4281
156
7565
10154
163
73
9765
369
5
2
8559
134
1424
64
68
305
328
16
2772
283
972
10121
173
163
17
223
8
8
433
7
13551
2286
64
10491
153
7212
865
5
43
872
1250
12805
12377
1971
87
283
1490
14799
250
1991
52
254
76
16291
70
239
213
4
67
431
424
2
335
220
99
3
6542
9
159
405
328
89
737
9203
214
97
176
2214
9060
85
1346
45
1234
44
729
223
149
142
6
15
10
233
584
60
434
2125
37
904
1
153
695
8
28
81
11378
225
6488
38
234
2
35
10782
7
219
6150
113
11
7783
727
1568
364
548
251
14
78
171
8434
3235
2629
330
11
7933
11985
902
108
468
106
1565
11
235
13558
3026
1553
167
98
269
9336
53
2
11415
95
1135
411
143
14442
459
390
11004
72
208
487
1093
8743
3180
604
6969
15410
370
132
8
7
6
284
72
8772
14761
11483
385
42
392
125
5
234
92
21
57
652
206
3
135
318
401
8627
3127
63
15158
5
13
12
115
504
13631
245
4340
12397
11768
10340
62
244
140
6
555
8
6
13
3108
5611
14074
40
2198
62
8
13
204
9962
216
13762
12293
11653
2338
875
215
2
1813
12527
2462
205
123
159
582
86
147
88
66
6
13
239
14
210
9
505
5725
114
8604
15547
403
39
12467
43
169
947
2
1588
14
9
1
56
42
872
79
219
6
11903
408
331
91
11
47
12113
8729
4
92
10028
260
1001
16535
91
290
210
123
103
12
195
1
124
107
9
772
8648
125
5
7
380
5
15
131
9
343
220
14
697
1730
376
341
702
5248
72
278
1510
81
16072
10514
383
542
168
672
295
4
859
391
226
605
1640
138
31
2
3006
208
110
63
662
15
1
6667
10
12
357
199
11070
507
267
188
8727
364
409
1478
457
3349
37
133
16812
343
9
93
220
10500
334
3
11
3
42
12914
68
163
55
1499
1372
11
94
18
45
127
2489
758
93
267
586
1450
15207
103
52
3
181
15350
1298
6
693
259
183
37
4
2591
41
12
1288
255
1715
9
36
52
815
326
13
12
12234
10028
2930
45
15245
723
15
1216
34
816
88
50
10380
8417
402
11376
1783
2
17328
285
5978
12
7
8477
1
88
142
512
4
361
11903
209
26
189
357
121
581
1524
10472
179
369
160
73
169
9692
195
139
123
117
73
45
5
15
12619
107
15
161
274
187
76
375
18808
12904
1
33
1937
1847
1428
1997
127
9624
591
13992
382
2814
11
4461
10316
13910
924
10729
10561
4705
8697
578
13
6
2
178
175
8
88
855
232
38
9
2
1728
12127
104
3
118
1410
56
249
96
13124
16370
13228
1574
47
195
172
173
281
3
385
10962
5
9812
174
286
250
93
53
393
1429
2144
11
1537
28
319
3
273
214
172
12
939
317
14
5
3
143
38
6
13
110
209
15
8
7
138
80
2246
4316
1767
8
229
130
8447
255
199
3812
10196
204
410
332
238
4
9205
236
8
523
96
78
12101
6483
4
319
119
44
54
60
2
43
143
135
9
11255
10782
213
10574
462
12
13378
3
6626
12918
3
18049
1333
586
887
922
105
10879
271
3776
99
7
107
4
301
95
6367
11838
132
940
125
10612
388
6
12474
8731
1599
4
42
49
156
239
10
14
6
12954
66
11
14672
1554
153
1178
13
12726
3529
12819
39
769
116
230
90
67
70
208
569
4
13
99
52
149
14642
13180
122
118
163
105
1129
14739
8
35
31
69
12
8510
13263
178
166
132
7
173
406
385
37
2811
347
151
2897
344
7824
170
109
158
218
203
11
4
156
249
3
3977
9
12
13
169
13
76
12710
15
148
185
2
676
40
209
12
207
33
199
12218
271
156
271
49
270
7434
1034
118
2
13508
87
14100
367
6317
18
481
181
166
6280
178
9188
48
165
9879
7011
174
10980
153
10531
219
887
2454
268
1668
11764
10
123
7
219
7232
152
311
126
16701
11920
6
63
10130
273
131
429
371
678
14265
931
1572
671
22740
1382
396
10
7764
300
13
256
148
14
35
276
991
14943
272
552
730
363
8634
83
286
12441
297
194
205
138
14
17466
9306
155
244
198
353
31
494
224
54
2074
170
112
10735
97
20
112
2028
1520
202
69
9971
57
577
200
69
167
5
48
133
10768
346
927
58
10884
44
5490
4230
59
12617
3908
1098
1189
9902
87
140
388
1203
9448
10
215
236
13465
59
201
1517
6455
165
6
72
18
11834
12
11
10409
3520
65
2
219
9907
10930
10
1245
184
6316
169
13475
12265
79
3
269
15295
89
11220
8010
1870
9919
42
12
565
5856
40
618
14
6373
10
127
70
1
13591
1
61
196
343
28
4
273
1789
2
8
13995
17
180
9
2110
101
175
41
253
60
1154
266
295
9757
15
156
8
64
1066
14003
181
9767
42
14
11293
413
11312
68
851
80
14
179
14569
3
94
13127
73
1679
252
157
9007
11180
3
194
116
153
481
137
3
442
2
73
23
209
9
99
653
221
3
172
1014
3974
12133
47
150
45
47
16217
146
67
832
30
889
212
62
68
860
33
37
954
10352
24
278
10134
14
332
11
10
360
13
13133
4
8349
70
87
108
12857
1774
32
58
13
1916
14
46
546
2640
95
11532
4721
1298
1869
1005
204
10645
6
335
295
127
101
13231
11
69
231
144
14
5
154
5192
13155
9474
374
836
339
61
1578
120
9268
2509
11720
417
95
10428
9431
2952
13
1016
11885
2048
150
2322
36
80
192
15
379
1360
48
836
185
14807
11
4
7513
9831
155
3
285
11663
154
66
9
9867
588
155
3
14579
162
261
2366
16081
90
219
13
4
425
223
105
3
4
13026
3301
79
503
8
14
8
187
115
1162
119
478
107
8284
151
648
2365
226
8835
12111
10373
212
8888
70
908
12
8
33
1507
1822
99
13
1263
2533
9
328
5
52
191
611
799
77
14205
11020
427
42
103
9185
123
45
7
1
6882
6
6
532
11337
301
131
438
190
105
46
38
11
16107
439
53
1
11461
73
61
119
13
64
87
163
3
6
7
11
6
141
446
506
1016
188
10508
207
193
6
8
7
8
5845
59
88
196
2309
294
9016
41
819
504
196
139
1231
155
274
3926
332
7073
78
183
11680
4
266
2605
99
225
14171
62
1214
3
257
444
33
209
99
8560
36
405
12
1434
11531
8015
2750
13
151
11465
168
70
14
113
3
109
50
2493
805
164
108
1200
250
7545
7
13877
8741
215
241
9345
156
1815
1
1529
11898
11
209
196
8
6
15
86
506
126
2556
2
10
20326
40
110
13
5869
33
41
287
56
7
702
151
7
980
32
428
11
1060
13
239
152
15
5
728
11082
215
610
16593
14
121
300
72
289
3719
7
239
104
4
5546
5323
52
1776
5472
218
76
894
7981
1006
61
5
275
9239
14
1190
63
283
12096
252
1615
297
17
74
231
92
7455
71
108
6374
63
151
468
10147
10910
48
209
123
1434
5682
1
11411
138
261
14
149
13
126
155
9
12466
12848
81
117
1
22
12
117
86
19
1278
3
9403
2
1832
23
1601
72
5976
10072
14584
8277
11
48
586
573
2553
10057
221
13
318
101
10956
529
9
9
15130
589
15722
849
44
1075
917
34
37
66
177
4
7943
59
114
81
17650
116
15
9
285
13062
1160
3
11208
215
10
59
53
272
22
163
2
28
240
9022
37
3
11787
313
8268
225
3
167
10920
99
314
12713
7
15
16058
118
5622
134
15
136
503
12
208
9607
8882
95
946
95
623
37
298
206
143
161
144
4465
46
115
15
7
12
91
71
177
13387
12407
125
7
73
15620
13
8
81
32
962
2
6
11239
6436
10463
13784
5
257
45
10589
66
597
916
348
170
82
9
7230
1573
73
10575
1430
36
860
556
250
60
10918
15
102
10
6
1114
35
279
8242
143
11217
13
535
1660
294
589
9790
481
184
244
3
5
2
45
121
12
259
8
120
59
6643
179
36
49
188
146
31
2028
75
46
79
11
9
2279
1931
427
106
9142
310
60
199
132
69
11509
10
1715
8435
11
106
155
83
14
152
211
6
9109
13
107
9096
295
107
10
74
11
113
6
7
215
7421
109
149
50
194
228
3001
56
2
12
11
1996
10693
12
4858
441
2251
1825
208
2
72
5
10248
447
621
10778
198
117
13463
375
42
1714
39
3
89
298
151
2
461
3
1299
232
418
347
21
1614
367
124
1012
13
428
76
161
3
239
15941
796
13918
555
11
5
6052
15
65
3
193
8
1
11447
4
250
161
637
1451
171
15622
301
826
36
151
5250
1386
40
6256
12
1084
12
6096
12
45
1317
552
101
4
90
121
10
129
13456
11313
895
10
12041
