7996
6145
8619
12933
383
9
518
3886
141
6473
234
10002
13876
11
7
94
134
553
9019
179
487
522
12454
578
1615
222
10485
335
151
2
106
87
6722
151
3
1475
13
14534
5210
199
124
12
4790
309
1
11924
45
2
680
105
9366
3586
12
3
13041
50
63
93
13
11549
327
61
1029
804
4944
5
7068
9922
194
396
10575
352
392
879
3
357
215
13118
343
221
710
13282
895
9794
1126
8
8559
156
18551
7858
417
8192
7
8003
10
9
4
91
1358
10224
48
585
5345
10837
759
132
10871
93
8034
1026
9133
56
55
231
92
360
14
123
10932
446
114
11584
107
2
200
336
8137
235
89
10439
147
12387
14806
5
132
198
11380
85
62
8913
3983
114
10997
15
11317
98
1721
10512
487
6732
14704
880
8
11325
12493
313
321
198
14478
6194
11653
14
9
100
284
14
10486
8227
11
12837
7187
349
5696
552
13
10385
725
11493
1200
9714
9
7332
9097
8427
402
14
7802
11819
5
8516
159
110
96
139
4669
12346
6
16323
192
10073
518
134
330
554
9662
6203
240
224
3323
5086
77
9497
6731
566
1394
6344
5280
1047
525
13403
12014
11127
94
2
9825
138
85
13740
327
212
1346
60
10869
238
16968
41
101
12236
11936
421
6405
144
11191
7113
12
43
8
16617
9036
10733
10
102
10246
509
67
75
7855
16730
6608
75
1129
1585
8280
235
15628
3744
6
503
229
16050
8790
2
402
154
10
112
6118
180
15115
1
1
3227
10773
188
12
236
229
9421
9002
163
8190
17247
4
338
216
8558
9002
10
53
6303
928
74
10
514
3
598
10269
11082
9638
10108
16223
8281
9557
8
14530
7538
14
129
5974
10413
3
5263
3
1136
155
17761
166
13965
115
13011
761
10826
113
114
18095
13776
75
60
1
19715
15
15
527
183
171
289
9328
9
189
19144
174
11510
11055
10388
117
889
15260
10832
3
122
14
11559
9003
80
205
7514
9592
11303
10319
8086
2134
10453
206
157
682
127
508
390
468
124
489
5
283
178
9624
865
2
242
17584
13331
11942
171
89
7033
11
195
8586
152
365
4089
15
3
12763
219
180
884
10605
149
181
564
8875
325
15874
13720
11915
177
78
1
1771
8266
195
14874
9
6197
9169
16618
8076
10461
11062
154
12661
477
43
11991
15322
10286
527
2818
178
35
949
2
11478
8
1
19505
6893
4405
6640
4725
21924
232
119
1514
10493
14044
16053
115
239
227
246
83
117
125
10209
106
203
6
82
6475
523
129
567
5
56
9193
5
11978
3202
3
156
117
54
11533
541
61
112
14
6733
172
930
118
168
4454
6836
73
7242
182
7
103
53
523
16154
6806
103
6513
3267
15668
11363
13
238
128
1
223
405
221
193
337
9366
114
15253
2950
2687
10282
447
524
121
9086
173
389
1283
14699
462
16152
8185
3
9260
92
380
19118
194
1116
3509
9591
142
17590
35
110
8694
14926
308
333
77
230
380
11
8790
10170
11050
124
9592
15195
7051
178
2
15967
5
190
14093
10991
10377
1
85
53
1325
171
8697
117
8055
14502
1875
1
6
27
2196
46
590
178
87
78
11314
12486
437
9702
250
2
389
851
14062
13024
10191
126
8276
180
7205
10528
17847
80
261
4597
15538
1618
5426
659
178
9196
9648
57
10181
8579
239
178
10634
88
131
194
9254
231
13690
514
215
825
830
171
552
7073
14451
11131
4796
13501
3
20
99
3
4
9279
11925
14998
213
822
6513
4728
351
11880
968
8914
9298
2690
44
223
10566
166
12
658
153
14820
528
15848
6
2
8580
21
4
820
10005
514
5426
4553
8471
9645
14367
6
10
9
6
10
44
141
34
10
167
290
133
89
232
212
47
743
12560
13439
13990
7992
6415
11599
239
15937
10724
643
12364
4
6141
5806
8
522
2482
11
12865
110
98
12990
8308
117
121
106
10299
1
120
600
181
61
14038
3807
11282
55
7631
2328
13468
7
3
1755
87
112
8547
9516
86
240
135
449
168
11316
580
4298
76
62
9
74
84
5362
796
788
12482
9502
82
84
4111
9520
387
15
7818
8
12
42
7
8459
16999
3931
120
12444
43
12112
11243
1367
188
3
7294
2420
2
82
10501
389
216
4
7532
34
7661
4617
98
12842
13430
11142
7562
8535
182
3201
9
9596
1032
10550
6472
1219
10
6066
98
35
88
234
283
11440
5615
398
1396
10393
80
1785
233
119
537
5
11386
4656
6406
194
10879
10716
12935
15
988
121
201
445
18581
11
1
10561
197
190
49
4586
9
426
7342
130
8410
71
10697
100
711
12808
536
19667
10600
1
15105
1
4
5134
13269
4974
13
8310
9
543
7
11945
57
77
189
8
242
551
16248
10033
82
49
22708
2119
10500
241
8358
1763
721
8951
12046
7
114
10845
1520
156
11765
14011
10911
491
362
127
10
15252
4427
219
15311
145
16870
858
82
512
239
153
53
432
5241
6639
211
191
2583
16064
98
188
8474
256
85
36
175
500
42
87
1053
187
185
1535
165
1076
70
11070
15904
12564
10115
152
98
113
9592
82
15907
215
99
109
10165
15
6391
153
193
78
9143
61
143
123
238
7135
15
143
69
9929
629
12663
75
8034
16445
4924
7144
8734
80
188
589
667
60
43
1
6679
49
10642
109
54
1450
112
9047
986
214
132
11122
9920
42
7561
22957
321
10114
15151
14
87
117
101
105
42
8
100
6059
17944
150
396
7728
658
926
228
465
3707
62
101
15329
1108
433
83
116
2539
13264
8372
141
13635
15433
12200
2201
246
1181
279
8245
193
15977
12696
182
11059
848
9646
1672
12759
80
121
161
465
412
673
48
125
7232
157
13694
9743
14874
1
158
155
10434
247
126
345
972
230
4
8811
14
4
15948
10629
10279
13765
13572
211
103
224
6430
8552
10947
508
11479
14312
13806
63
68
10164
7499
11816
11573
2685
2304
12369
7288
14
198
526
147
204
7956
47
3788
11
11145
8839
192
8565
6962
55
11454
3
170
7077
15968
476
8424
10524
964
337
397
3
245
11963
796
173
7
19891
7583
124
10400
142
7494
49
9896
11759
148
110
826
974
12508
80
67
52
9764
10833
12186
12333
195
118
23
2
1
888
14618
41
4892
13145
4670
7046
10768
4380
112
11810
1305
124
11789
14430
467
268
1001
13528
8135
40
507
3
19092
106
997
2431
6068
4886
11231
12023
425
18
14
183
10
7
14
740
149
17513
3
8
326
14021
101
4865
14
63
75
12055
351
13038
10413
10186
4
9076
233
1
1250
144
74
235
71
12892
3
660
13
7295
4
112
5
10
512
551
5465
57
173
2714
88
2647
181
9157
106
134
173
8768
3460
15104
10600
9452
10599
13
43
41
12288
2722
8738
85
76
13265
615
93
14460
4729
7196
115
12528
619
249
234
7
1429
9773
8942
117
40
129
6033
12636
720
40
93
140
61
10
10104
236
141
471
571
415
11916
194
173
173
9596
8188
8
3532
15
8771
421
11
146
317
8393
9
78
7703
1
55
9552
12420
89
44
11386
1379
8725
9273
5061
3794
12015
89
1
12132
45
234
10175
2899
8280
696
203
9262
10262
7
4902
112
11585
191
11649
9
696
45
9287
584
53
10240
6
180
161
6728
3
238
1202
56
3323
12
140
2
14
12325
7485
9217
12792
10514
8434
148
46
1
73
4253
14921
75
217
14
42
183
590
8385
8506
140
224
58
545
166
87
1
177
538
88
11
12975
2
1672
16711
440
77
9815
9086
143
3492
101
481
1670
4071
66
50
1736
16210
74
6675
15982
52
6678
8215
2018
6975
136
319
1262
11760
9898
5824
8446
696
11028
103
13288
1775
128
86
17237
403
165
11431
2207
10257
416
14947
11301
152
6
211
1
10
12399
1698
321
214
325
8817
111
472
16014
9352
13
4618
130
11157
7854
9515
153
14
100
7390
114
11524
237
10286
129
990
384
53
88
10793
9853
7150
187
368
105
2743
1771
17380
7081
76
8047
99
16224
4
48
9538
484
534
13627
14551
9218
2663
117
74
172
9667
1
17115
2792
9802
396
7776
225
10607
60
174
9634
14907
12249
9534
148
133
75
198
867
13
10427
110
69
16350
534
9307
1012
13962
235
11
11083
6765
18131
11155
434
6898
303
376
187
89
205
10075
9465
514
2808
10640
13
50
133
178
31
2616
8329
13081
10286
596
61
319
137
13474
6
137
278
4206
4216
9813
14
85
1508
7695
92
602
9
585
8348
7854
627
1685
224
357
14
6796
4
109
1
99
613
125
122
12549
2816
7359
8839
187
672
11204
15645
2278
9565
413
6341
13
1109
13824
11175
464
63
10750
93
11684
117
9215
8779
1812
209
209
8117
28
3
11160
96
5838
12578
66
6862
15084
11159
285
13971
88
11347
8363
119
8666
322
481
230
346
50
7143
11
9849
9175
36
14745
33
14646
9589
116
88
1
9814
11561
17481
3278
26
13061
175
33
734
8610
10907
364
165
126
12
71
7239
4179
164
6195
117
8517
15479
11756
14478
158
120
12952
253
146
1
8568
13
1741
385
5535
7
9973
8890
206
121
12426
18774
99
9660
32
18079
83
12
87
8055
14
8091
4
78
12243
90
2722
15916
64
90
11261
103
12234
200
4
1
12376
97
14459
5275
6
671
9776
84
163
13913
6069
5
488
84
8982
3775
356
73
13593
10414
43
7286
10818
109
48
88
127
4991
11743
81
140
12002
12593
9918
271
2573
10702
10840
14116
1285
62
65
523
173
14577
14949
1367
559
135
179
80
17242
14
13824
15437
11170
87
12390
21647
191
14522
10308
151
152
13794
13242
11857
18293
87
11
16856
1571
11666
13
62
235
385
11307
7133
8114
110
4792
1291
3669
960
8770
10931
16301
378
9774
12325
75
698
8170
8333
77
71
430
112
305
3930
12684
11817
89
186
205
10
564
2543
148
197
11095
2407
7
47
9
127
1686
564
79
14
321
76
15326
161
85
12566
125
14371
153
14270
8566
14444
9
5
1552
54
15313
9567
2125
224
10267
265
9381
9808
1451
2
157
91
82
12631
194
1
124
175
389
12
11267
133
113
10256
207
219
14007
380
103
4289
5047
874
375
9459
5244
4
7
488
17412
8
244
40
13552
381
4931
2166
213
201
7218
6992
12
9435
18183
9
10901
8506
10708
15
3154
11173
5161
7680
156
1466
15349
173
568
2404
192
12447
558
16352
182
212
76
106
204
349
17013
11871
116
42
7177
846
79
884
491
234
3888
78
13200
554
126
14265
15
10465
12506
3
164
8384
6483
2525
181
159
16307
8643
291
10521
594
750
105
6696
64
10515
14
76
7209
199
8183
356
231
12
8928
9852
7572
11973
365
99
14
165
356
158
6
7
12
88
133
106
6899
11762
10628
182
13
361
9722
15
11
11
11388
180
5228
1036
96
5
840
149
14420
8059
7542
11818
232
109
76
10359
10568
10299
13979
15555
640
163
12350
7770
2
22
9
9438
146
15372
3032
8158
9326
4528
13006
142
1103
9467
6767
5833
12669
12131
44
5761
182
70
11861
174
85
8081
1258
420
491
103
107
7
85
325
14365
145
378
9404
8353
1164
243
45
3409
140
13457
212
14821
229
14
7682
10
68
10
22957
192
12496
14526
20
10656
455
525
389
11709
9643
10195
116
90
8909
83
17360
3
189
97
7421
132
3211
8504
96
223
12
14304
1411
97
12162
14925
13486
9979
125
976
32
15
722
183
13527
11724
15980
14463
54
203
13224
12318
128
812
235
157
8048
10158
536
6898
99
7236
84
554
8936
9813
13750
12
4
7413
96
6791
7389
13027
8788
14
347
152
131
3545
8797
10700
41
7152
63
2955
15780
361
10444
4585
5
96
430
15671
12911
237
12
94
33
388
151
149
10944
143
1
3
426
2793
6902
15
17518
244
56
12220
1071
10363
115
77
214
6918
1357
10873
236
104
4363
48
9535
10494
14433
131
2702
142
3
17228
6112
9
942
13265
8756
2
83
133
750
12565
338
178
469
110
12970
1034
61
12940
573
11661
143
3781
10
539
528
1652
15611
111
70
3
1
499
8065
9883
6
8014
4067
86
11587
125
194
507
7
14939
65
487
232
115
10232
317
9367
121
16
8
248
10483
45
6
532
11
11585
9203
64
204
223
10
176
9892
781
10443
10898
112
5522
6705
8745
14256
12585
8917
211
69
8470
13666
240
3633
8916
5761
611
5322
16457
1439
12543
86
158
6735
15660
86
409
6939
87
175
382
185
13
13440
8288
9634
15052
31
6086
2241
8
10312
1648
11761
9636
12076
2662
9500
580
11105
1
7707
2411
42
1214
7
64
35
113
386
15078
408
77
8
370
10978
912
98
1
168
837
210
6530
6437
247
13376
2474
10760
9221
13
7523
4789
14551
9
2685
216
230
41
9526
9763
220
1
62
13230
52
10758
11564
530
47
8154
6
10323
93
373
10972
103
6
2
14812
265
48
93
10835
13
128
2471
14
11827
103
137
7628
15971
8576
11151
5335
222
7
14448
7178
11348
58
53
14
1101
11598
1990
457
13782
10767
13
160
187
12
1265
6075
948
11159
5
11
10858
50
9
84
167
217
75
146
178
7862
183
486
123
8620
8533
82
10815
161
150
36
8426
105
7019
10585
9
53
9676
1943
9418
8267
206
6778
604
389
14
134
141
1583
1723
168
295
10571
5863
345
3406
11836
10
10468
11
448
7560
147
302
10643
11154
8
604
112
78
229
82
1014
151
143
186
9
145
804
4572
133
173
424
160
8814
517
2
9676
2
2
1537
11634
3907
1
14504
11725
176
5160
49
12584
37
82
201
8
11490
849
161
8321
4079
10
11493
11223
5593
113
11614
5479
11547
313
9529
14
720
14186
7656
11566
11956
176
11968
112
3264
106
9190
217
1785
338
32
7
15990
80
46
207
11582
56
561
15
12395
58
10795
16534
180
143
398
51
3036
8537
31
225
2081
174
284
121
224
4
83
97
4471
12260
31
7231
10345
358
111
505
6512
384
10
244
580
92
107
84
1693
4483
175
3
11
134
10647
11390
1677
1176
6331
10399
905
8682
8859
10954
22
186
7627
101
11293
609
9
12111
9
66
518
3765
69
126
718
63
14
83
309
364
11692
9750
5492
281
14
173
12119
10531
9075
6
16008
2623
108
12
130
4
133
12474
9778
592
121
15519
11799
9365
131
1
8898
204
9734
9
140
178
1510
153
10456
70
9124
8722
246
184
15608
219
4
741
238
1482
13281
7591
374
13
176
60
9194
1884
11518
13756
58
8
166
7
55
3
70
359
13
15431
115
6
15820
10652
153
331
9327
180
11195
414
168
10894
187
42
208
67
180
66
126
10810
95
1
10
55
9438
1
12322
9693
10336
83
10
1204
1970
68
637
106
1998
177
8
8
34
142
17183
7694
21461
460
11118
95
259
121
103
253
733
1257
8
13337
7076
16067
15044
299
173
386
58
86
100
8814
10364
12249
9054
1253
6874
48
14150
180
6294
