      Tig     Reads    Length         Area  Memory GB  Partition    Data GB
--------- --------- --------- ------------  ---------  ---------  ---------
        1      3554   2562954   9108738516      2.444          1      0.042
        2        20     51752      1035040      0.049          2      0.000
        3         1      2218         2218      0.002          2      0.000
        4         1      4821         4821      0.005          2      0.000
        5         1      1042         1042      0.001          2      0.000
        6         1      9017         9017      0.009          2      0.000
        7         1      1141         1141      0.001          2      0.000
        8         1     18746        18746      0.018          2      0.000
        9         1      1403         1403      0.001          2      0.000
       10         1      3393         3393      0.003          2      0.000
       11         1      1058         1058      0.001          2      0.000
       12         1      1020         1020      0.001          2      0.000
       13         1      1013         1013      0.001          2      0.000
       14         1      1052         1052      0.001          2      0.000
       15         1      1120         1120      0.001          2      0.000
       16         1     21590        21590      0.021          2      0.000
       17         1      1296         1296      0.001          2      0.000
       18         1      1607         1607      0.002          2      0.000
       19         1      1114         1114      0.001          2      0.000
       20         1      1827         1827      0.002          2      0.000
       21         1      1049         1049      0.001          2      0.000
       22         1      2096         2096      0.002          2      0.000
       23         1      1418         1418      0.001          2      0.000
       24         1      1058         1058      0.001          2      0.000
       25         1      7188         7188      0.007          2      0.000
       26         1     38040        38040      0.036          2      0.000
       27         1      1341         1341      0.001          2      0.000
       28         1     21239        21239      0.020          2      0.000
       29         1      3207         3207      0.003          2      0.000
       30         1     35927        35927      0.034          2      0.000
       31         1      1678         1678      0.002          2      0.000
       32         1     31491        31491      0.030          2      0.000
       33         1      1206         1206      0.001          2      0.000
       34         1      1433         1433      0.001          2      0.000
       35         1      1164         1164      0.001          2      0.000
       36         1      2025         2025      0.002          2      0.000
